WORD       | FINAL    | ENTROPY  | PROB MASS
---------------------------------------------
raise      | 6.6813   | 5.8772   | 0.8041
trace      | 6.6103   | 5.8272   | 0.7831
least      | 6.6087   | 5.7539   | 0.8548
slate      | 6.5975   | 5.8585   | 0.7390
arise      | 6.5876   | 5.8172   | 0.7704
alert      | 6.5605   | 5.7421   | 0.8184
later      | 6.5555   | 5.7081   | 0.8474
crate      | 6.5483   | 5.8304   | 0.7179
trade      | 6.5343   | 5.6797   | 0.8546
learn      | 6.5229   | 5.6556   | 0.8673
stare      | 6.5182   | 5.8088   | 0.7094
arose      | 6.4876   | 5.7648   | 0.7228
crane      | 6.4873   | 5.7381   | 0.7492
store      | 6.4872   | 5.6083   | 0.8789
alter      | 6.4807   | 5.7127   | 0.7680
snare      | 6.4650   | 5.7731   | 0.6919
share      | 6.4637   | 5.6070   | 0.8567
heart      | 6.4588   | 5.6097   | 0.8491
irate      | 6.4421   | 5.8305   | 0.6116
alone      | 6.4383   | 5.6138   | 0.8245
react      | 6.4339   | 5.6916   | 0.7423
stale      | 6.4251   | 5.7429   | 0.6822
trail      | 6.3997   | 5.5917   | 0.8080
scale      | 6.3960   | 5.5664   | 0.8296
clear      | 6.3919   | 5.5433   | 0.8486
alien      | 6.3860   | 5.6069   | 0.7791
roast      | 6.3774   | 5.6458   | 0.7316
trial      | 6.3684   | 5.5328   | 0.8356
parse      | 6.3684   | 5.6307   | 0.7377
train      | 6.3682   | 5.5504   | 0.8178
plate      | 6.3593   | 5.5504   | 0.8089
cater      | 6.3579   | 5.6448   | 0.7131
scare      | 6.3578   | 5.6294   | 0.7284
aisle      | 6.3470   | 5.6378   | 0.7092
solar      | 6.3403   | 5.5373   | 0.8030
saint      | 6.3310   | 5.5068   | 0.8242
pearl      | 6.3300   | 5.5300   | 0.8000
spare      | 6.3298   | 5.5525   | 0.7773
great      | 6.3281   | 5.4484   | 0.8797
route      | 6.3169   | 5.4995   | 0.8174
dealt      | 6.3122   | 5.5535   | 0.7587
large      | 6.3112   | 5.4459   | 0.8653
renal      | 6.2992   | 5.5534   | 0.7458
table      | 6.2948   | 5.4296   | 0.8652
tried      | 6.2928   | 5.4727   | 0.8201
suite      | 6.2905   | 5.4619   | 0.8286
saner      | 6.2895   | 5.7364   | 0.5531
saute      | 6.2820   | 5.6321   | 0.6499
close      | 6.2796   | 5.4256   | 0.8540
lance      | 6.2741   | 5.5200   | 0.7541
siren      | 6.2737   | 5.5803   | 0.6934
plane      | 6.2724   | 5.4742   | 0.7982
score      | 6.2682   | 5.4266   | 0.8416
grate      | 6.2644   | 5.6043   | 0.6601
stone      | 6.2637   | 5.4367   | 0.8270
cause      | 6.2584   | 5.4182   | 0.8402
caste      | 6.2571   | 5.5707   | 0.6864
slice      | 6.2570   | 5.5100   | 0.7470
trice      | 6.2562   | 5.6279   | 0.6283
place      | 6.2542   | 5.3818   | 0.8724
canoe      | 6.2539   | 5.5152   | 0.7387
rinse      | 6.2539   | 5.5455   | 0.7084
horse      | 6.2523   | 5.4157   | 0.8366
earth      | 6.2491   | 5.4112   | 0.8379
leant      | 6.2488   | 5.6859   | 0.5629
noise      | 6.2463   | 5.4362   | 0.8101
stole      | 6.2463   | 5.5202   | 0.7261
sauce      | 6.2401   | 5.4593   | 0.7808
steal      | 6.2385   | 5.4793   | 0.7592
glare      | 6.2330   | 5.5329   | 0.7001
tenor      | 6.2289   | 5.5105   | 0.7184
stair      | 6.2285   | 5.5172   | 0.7113
their      | 6.2264   | 5.3264   | 0.9000
range      | 6.2260   | 5.3673   | 0.8587
coast      | 6.2123   | 5.3818   | 0.8305
grace      | 6.2121   | 5.4142   | 0.7979
since      | 6.2106   | 5.3390   | 0.8716
sonar      | 6.2100   | 5.5171   | 0.6929
panel      | 6.2092   | 5.3751   | 0.8341
crest      | 6.2057   | 5.4518   | 0.7539
shale      | 6.2048   | 5.5381   | 0.6667
shore      | 6.2038   | 5.4180   | 0.7858
taper      | 6.2026   | 5.5113   | 0.6913
price      | 6.2024   | 5.3115   | 0.8909
paste      | 6.1990   | 5.4261   | 0.7729
snore      | 6.1971   | 5.5783   | 0.6188
tread      | 6.1878   | 5.4848   | 0.7030
loser      | 6.1856   | 5.4642   | 0.7214
slant      | 6.1846   | 5.4927   | 0.6919
shear      | 6.1799   | 5.4528   | 0.7271
layer      | 6.1733   | 5.3610   | 0.8123
carol      | 6.1700   | 5.3888   | 0.7812
early      | 6.1684   | 5.3164   | 0.8520
shire      | 6.1679   | 5.4442   | 0.7237
those      | 6.1661   | 5.2890   | 0.8771
clean      | 6.1655   | 5.3365   | 0.8290
beast      | 6.1654   | 5.3737   | 0.7917
ratio      | 6.1641   | 5.3524   | 0.8117
meant      | 6.1623   | 5.3640   | 0.7983
stage      | 6.1618   | 5.3284   | 0.8334
clone      | 6.1561   | 5.3816   | 0.7745
space      | 6.1555   | 5.2983   | 0.8572
slide      | 6.1515   | 5.3455   | 0.8060
liner      | 6.1491   | 5.4034   | 0.7457
yeast      | 6.1446   | 5.3865   | 0.7581
rouse      | 6.1427   | 5.4734   | 0.6693
hotel      | 6.1424   | 5.2630   | 0.8794
atone      | 6.1420   | 5.5573   | 0.5847
risen      | 6.1352   | 5.4123   | 0.7229
lapse      | 6.1322   | 5.4354   | 0.6968
realm      | 6.1307   | 5.3724   | 0.7583
water      | 6.1285   | 5.2568   | 0.8717
satin      | 6.1279   | 5.3665   | 0.7614
hater      | 6.1261   | 5.4839   | 0.6422
dance      | 6.1230   | 5.2904   | 0.8326
prose      | 6.1178   | 5.3878   | 0.7300
adore      | 6.1175   | 5.4307   | 0.6868
coral      | 6.1174   | 5.3449   | 0.7725
teary      | 6.1162   | 5.5371   | 0.5791
cleat      | 6.1156   | 5.4849   | 0.6307
crone      | 6.1127   | 5.5067   | 0.6060
salon      | 6.1120   | 5.3344   | 0.7776
nurse      | 6.1105   | 5.3144   | 0.7961
tribe      | 6.1089   | 5.3406   | 0.7683
spear      | 6.1086   | 5.3806   | 0.7280
reach      | 6.1083   | 5.2868   | 0.8215
grade      | 6.1076   | 5.2732   | 0.8344
urine      | 6.1046   | 5.3552   | 0.7494
cedar      | 6.1043   | 5.3290   | 0.7753
prone      | 6.1017   | 5.3729   | 0.7288
brace      | 6.1015   | 5.3866   | 0.7149
stern      | 6.1008   | 5.3537   | 0.7471
inter      | 6.0990   | 5.3062   | 0.7928
cable      | 6.0970   | 5.2551   | 0.8419
flare      | 6.0944   | 5.3793   | 0.7151
false      | 6.0937   | 5.2743   | 0.8194
write      | 6.0928   | 5.2345   | 0.8583
resin      | 6.0917   | 5.3418   | 0.7499
truce      | 6.0894   | 5.4154   | 0.6740
haste      | 6.0808   | 5.3989   | 0.6819
lathe      | 6.0808   | 5.3983   | 0.6825
metal      | 6.0788   | 5.2433   | 0.8355
trash      | 6.0783   | 5.3142   | 0.7641
relay      | 6.0778   | 5.3033   | 0.7745
heard      | 6.0776   | 5.2486   | 0.8290
slain      | 6.0747   | 5.3839   | 0.6908
laden      | 6.0741   | 5.3168   | 0.7573
curse      | 6.0725   | 5.3317   | 0.7408
tamer      | 6.0724   | 5.4440   | 0.6284
grant      | 6.0711   | 5.2406   | 0.8305
merit      | 6.0670   | 5.3066   | 0.7604
cadet      | 6.0656   | 5.3614   | 0.7042
outer      | 6.0653   | 5.2836   | 0.7817
smart      | 6.0638   | 5.2415   | 0.8223
chase      | 6.0602   | 5.2794   | 0.7808
tripe      | 6.0589   | 5.4562   | 0.6027
cruel      | 6.0585   | 5.3157   | 0.7428
inlet      | 6.0583   | 5.3237   | 0.7346
drone      | 6.0568   | 5.3930   | 0.6638
leapt      | 6.0552   | 5.4194   | 0.6358
leash      | 6.0541   | 5.3623   | 0.6918
paler      | 6.0525   | 5.4678   | 0.5847
slope      | 6.0520   | 5.2915   | 0.7605
teach      | 6.0505   | 5.2499   | 0.8006
wrote      | 6.0496   | 5.2140   | 0.8356
safer      | 6.0492   | 5.2984   | 0.7508
delta      | 6.0491   | 5.2354   | 0.8137
lease      | 6.0481   | 5.2511   | 0.7970
crime      | 6.0459   | 5.2206   | 0.8253
trend      | 6.0459   | 5.2520   | 0.7939
spite      | 6.0444   | 5.2986   | 0.7458
snort      | 6.0440   | 5.3453   | 0.6987
pause      | 6.0437   | 5.2969   | 0.7468
snail      | 6.0398   | 5.3394   | 0.7004
onset      | 6.0345   | 5.2950   | 0.7395
spire      | 6.0341   | 5.3703   | 0.6638
short      | 6.0322   | 5.1785   | 0.8537
sedan      | 6.0316   | 5.2834   | 0.7482
tiger      | 6.0305   | 5.2414   | 0.7891
feast      | 6.0303   | 5.2876   | 0.7427
court      | 6.0276   | 5.1691   | 0.8585
after      | 6.0276   | 5.1431   | 0.8845
shine      | 6.0263   | 5.2696   | 0.7567
cried      | 6.0254   | 5.2809   | 0.7445
cairn      | 6.0238   | 5.3625   | 0.6613
triad      | 6.0230   | 5.3244   | 0.6986
acute      | 6.0228   | 5.2415   | 0.7813
lager      | 6.0216   | 5.3401   | 0.6815
smile      | 6.0205   | 5.2311   | 0.7894
phase      | 6.0189   | 5.1933   | 0.8256
arson      | 6.0186   | 5.3399   | 0.6787
erase      | 6.0173   | 5.2873   | 0.7300
tease      | 6.0170   | 5.3055   | 0.7115
stein      | 6.0160   | 5.2762   | 0.7398
plant      | 6.0153   | 5.1815   | 0.8338
timer      | 6.0149   | 5.2487   | 0.7662
chart      | 6.0146   | 5.1937   | 0.8209
inert      | 6.0139   | 5.3379   | 0.6760
enact      | 6.0135   | 5.3234   | 0.6901
tonal      | 6.0124   | 5.3498   | 0.6626
blare      | 6.0120   | 5.4878   | 0.5242
stain      | 6.0102   | 5.2747   | 0.7355
talon      | 6.0085   | 5.3366   | 0.6719
actor      | 6.0085   | 5.2134   | 0.7951
smear      | 6.0058   | 5.3147   | 0.6911
polar      | 6.0028   | 5.2354   | 0.7674
drain      | 6.0014   | 5.2413   | 0.7601
death      | 6.0013   | 5.1545   | 0.8468
waste      | 6.0005   | 5.1746   | 0.8259
older      | 5.9997   | 5.1715   | 0.8282
drape      | 5.9991   | 5.3551   | 0.6440
petal      | 5.9987   | 5.3247   | 0.6740
anime      | 5.9980   | 5.1807   | 0.8173
shape      | 5.9979   | 5.1872   | 0.8107
camel      | 5.9948   | 5.2139   | 0.7809
cream      | 5.9944   | 5.1834   | 0.8110
argue      | 5.9940   | 5.2235   | 0.7705
trope      | 5.9927   | 5.4257   | 0.5670
email      | 5.9923   | 5.1040   | 0.8883
haute      | 5.9923   | 5.2844   | 0.7079
shirt      | 5.9916   | 5.1661   | 0.8255
spore      | 5.9908   | 5.3372   | 0.6536
paint      | 5.9897   | 5.1843   | 0.8054
grape      | 5.9869   | 5.2499   | 0.7370
print      | 5.9859   | 5.1188   | 0.8671
angle      | 5.9850   | 5.1884   | 0.7966
snarl      | 5.9840   | 5.3894   | 0.5946
skate      | 5.9838   | 5.2342   | 0.7496
borne      | 5.9817   | 5.2478   | 0.7339
aider      | 5.9791   | 5.3987   | 0.5804
pleat      | 5.9787   | 5.3649   | 0.6138
agile      | 5.9775   | 5.2709   | 0.7066
shalt      | 5.9765   | 5.2688   | 0.7077
regal      | 5.9760   | 5.2600   | 0.7160
style      | 5.9755   | 5.1233   | 0.8522
ready      | 5.9752   | 5.1365   | 0.8387
motel      | 5.9740   | 5.2000   | 0.7740
caper      | 5.9736   | 5.3296   | 0.6440
yearn      | 5.9731   | 5.3532   | 0.6199
house      | 5.9726   | 5.0991   | 0.8735
aside      | 5.9715   | 5.1881   | 0.7834
plier      | 5.9710   | 5.3584   | 0.6126
peril      | 5.9697   | 5.2797   | 0.6900
shade      | 5.9694   | 5.2058   | 0.7636
worse      | 5.9634   | 5.1697   | 0.7937
super      | 5.9626   | 5.1221   | 0.8405
anger      | 5.9620   | 5.1932   | 0.7688
penal      | 5.9590   | 5.2620   | 0.6970
chair      | 5.9578   | 5.1321   | 0.8257
angel      | 5.9553   | 5.1451   | 0.8102
louse      | 5.9543   | 5.3614   | 0.5929
purse      | 5.9530   | 5.1991   | 0.7539
sport      | 5.9527   | 5.1140   | 0.8387
cheat      | 5.9503   | 5.1734   | 0.7769
pride      | 5.9501   | 5.1593   | 0.7908
poser      | 5.9494   | 5.2558   | 0.6936
islet      | 5.9489   | 5.3046   | 0.6443
diner      | 5.9482   | 5.2317   | 0.7165
slime      | 5.9479   | 5.2754   | 0.6725
royal      | 5.9477   | 5.1187   | 0.8290
cutie      | 5.9452   | 5.2123   | 0.7329
other      | 5.9447   | 5.0405   | 0.9042
spine      | 5.9438   | 5.1907   | 0.7531
spiel      | 5.9406   | 5.2714   | 0.6692
poise      | 5.9391   | 5.3131   | 0.6260
alike      | 5.9386   | 5.1797   | 0.7589
taken      | 5.9380   | 5.0899   | 0.8481
forte      | 5.9335   | 5.2273   | 0.7062
metro      | 5.9291   | 5.1291   | 0.8000
heist      | 5.9283   | 5.2915   | 0.6368
ramen      | 5.9255   | 5.2946   | 0.6309
farce      | 5.9236   | 5.2597   | 0.6639
agent      | 5.9223   | 5.0864   | 0.8359
brine      | 5.9215   | 5.2520   | 0.6695
slept      | 5.9211   | 5.2025   | 0.7186
anode      | 5.9200   | 5.2534   | 0.6666
baler      | 5.9199   | 5.3349   | 0.5850
shone      | 5.9179   | 5.2555   | 0.6624
stake      | 5.9145   | 5.1638   | 0.7507
moral      | 5.9142   | 5.1254   | 0.7888
brain      | 5.9132   | 5.0937   | 0.8195
sober      | 5.9117   | 5.2087   | 0.7030
radio      | 5.9101   | 5.0548   | 0.8553
snake      | 5.9073   | 5.1405   | 0.7668
taker      | 5.9070   | 5.2504   | 0.6566
droit      | 5.9051   | 5.2396   | 0.6655
chore      | 5.9044   | 5.2528   | 0.6516
force      | 5.9026   | 5.0571   | 0.8455
grain      | 5.9017   | 5.1235   | 0.7782
prime      | 5.9012   | 5.0775   | 0.8237
tilde      | 5.9010   | 5.2741   | 0.6269
unite      | 5.9008   | 5.1736   | 0.7272
labor      | 5.8993   | 5.0760   | 0.8233
state      | 5.8988   | 5.0100   | 0.8888
utile      | 5.8984   | 5.2808   | 0.6176
treat      | 5.8972   | 5.0959   | 0.8013
shame      | 5.8972   | 5.1348   | 0.7624
blade      | 5.8968   | 5.1142   | 0.7826
spent      | 5.8968   | 5.0812   | 0.8156
swear      | 5.8965   | 5.1665   | 0.7300
blast      | 5.8962   | 5.1213   | 0.7749
remit      | 5.8958   | 5.2116   | 0.6842
frame      | 5.8941   | 5.0646   | 0.8295
lunar      | 5.8900   | 5.1533   | 0.7367
pulse      | 5.8878   | 5.0875   | 0.8003
grail      | 5.8866   | 5.2020   | 0.6846
rainy      | 5.8863   | 5.1659   | 0.7204
crash      | 5.8852   | 5.0923   | 0.7929
maple      | 5.8841   | 5.1079   | 0.7762
point      | 5.8832   | 5.0165   | 0.8667
scent      | 5.8815   | 5.1489   | 0.7326
plain      | 5.8813   | 5.0732   | 0.8081
surge      | 5.8813   | 5.1277   | 0.7536
spice      | 5.8802   | 5.1159   | 0.7643
drake      | 5.8790   | 5.1343   | 0.7447
dream      | 5.8790   | 5.0595   | 0.8195
strap      | 5.8785   | 5.0963   | 0.7822
manor      | 5.8785   | 5.1144   | 0.7641
story      | 5.8771   | 5.0165   | 0.8606
ultra      | 5.8768   | 5.0716   | 0.8052
tower      | 5.8762   | 5.0728   | 0.8034
opera      | 5.8752   | 5.0762   | 0.7990
beard      | 5.8739   | 5.1428   | 0.7311
leach      | 5.8724   | 5.1738   | 0.6986
reset      | 5.8705   | 5.0931   | 0.7774
steam      | 5.8701   | 5.0888   | 0.7813
baste      | 5.8688   | 5.3092   | 0.5596
nicer      | 5.8682   | 5.1790   | 0.6892
feral      | 5.8676   | 5.1935   | 0.6741
eater      | 5.8661   | 5.1623   | 0.7038
valet      | 5.8661   | 5.1539   | 0.7122
party      | 5.8655   | 5.0037   | 0.8618
giant      | 5.8653   | 5.0685   | 0.7968
heron      | 5.8652   | 5.1649   | 0.7003
alive      | 5.8628   | 5.0682   | 0.7946
payer      | 5.8625   | 5.1663   | 0.6962
acorn      | 5.8586   | 5.1516   | 0.7070
scant      | 5.8581   | 5.2084   | 0.6497
stand      | 5.8573   | 5.0277   | 0.8296
stead      | 5.8561   | 5.1923   | 0.6638
stray      | 5.8552   | 5.1487   | 0.7065
cider      | 5.8549   | 5.1500   | 0.7049
rouge      | 5.8535   | 5.0954   | 0.7581
scone      | 5.8529   | 5.2508   | 0.6021
chose      | 5.8524   | 5.0774   | 0.7750
mouse      | 5.8513   | 5.0317   | 0.8196
recap      | 5.8505   | 5.1237   | 0.7268
salty      | 5.8499   | 5.1623   | 0.6876
ocean      | 5.8484   | 5.0305   | 0.8179
crave      | 5.8480   | 5.1603   | 0.6877
rifle      | 5.8471   | 5.0966   | 0.7505
tapir      | 5.8464   | 5.2918   | 0.5546
spade      | 5.8462   | 5.1461   | 0.7001
horde      | 5.8452   | 5.1160   | 0.7292
cease      | 5.8442   | 5.1024   | 0.7418
glade      | 5.8429   | 5.1564   | 0.6865
miner      | 5.8429   | 5.1263   | 0.7166
smite      | 5.8415   | 5.2271   | 0.6144
artsy      | 5.8398   | 5.2146   | 0.6252
brute      | 5.8383   | 5.1499   | 0.6884
relic      | 5.8372   | 5.1606   | 0.6766
sweat      | 5.8366   | 5.0903   | 0.7463
phone      | 5.8342   | 4.9582   | 0.8760
decor      | 5.8340   | 5.0496   | 0.7844
bread      | 5.8326   | 5.0440   | 0.7886
boast      | 5.8323   | 5.1431   | 0.6892
prune      | 5.8313   | 5.1700   | 0.6613
crude      | 5.8312   | 5.0801   | 0.7511
eclat      | 5.8282   | 5.2547   | 0.5735
terse      | 5.8268   | 5.2092   | 0.6176
north      | 5.8264   | 4.9544   | 0.8720
fetal      | 5.8261   | 5.0955   | 0.7306
ideal      | 5.8252   | 5.0140   | 0.8112
satyr      | 5.8247   | 5.2458   | 0.5789
decal      | 5.8244   | 5.1069   | 0.7175
sepia      | 5.8234   | 5.1585   | 0.6649
comet      | 5.8230   | 5.0926   | 0.7304
reign      | 5.8226   | 5.0872   | 0.7354
craft      | 5.8226   | 5.0270   | 0.7956
crust      | 5.8212   | 5.1046   | 0.7166
first      | 5.8195   | 4.9256   | 0.8939
roach      | 5.8181   | 5.0890   | 0.7291
elite      | 5.8178   | 5.0317   | 0.7861
afire      | 5.8173   | 5.2482   | 0.5691
solid      | 5.8164   | 4.9934   | 0.8230
snipe      | 5.8154   | 5.1779   | 0.6375
plait      | 5.8150   | 5.2511   | 0.5639
delay      | 5.8144   | 5.0090   | 0.8054
molar      | 5.8141   | 5.1556   | 0.6585
bleat      | 5.8133   | 5.2314   | 0.5819
three      | 5.8111   | 4.9385   | 0.8726
crept      | 5.8104   | 5.1568   | 0.6536
spelt      | 5.8083   | 5.1701   | 0.6382
barge      | 5.8070   | 5.1148   | 0.6922
board      | 5.8059   | 4.9345   | 0.8714
carve      | 5.8052   | 5.1283   | 0.6769
smote      | 5.8029   | 5.1874   | 0.6155
rogue      | 5.8028   | 5.0563   | 0.7465
bride      | 5.8027   | 5.0309   | 0.7718
lower      | 5.8025   | 4.9595   | 0.8430
abuse      | 5.8022   | 4.9802   | 0.8220
noble      | 5.8017   | 5.0158   | 0.7859
unset      | 5.8016   | 5.1208   | 0.6808
sugar      | 5.7977   | 4.9915   | 0.8062
pilot      | 5.7963   | 4.9909   | 0.8054
tidal      | 5.7958   | 5.0792   | 0.7166
snide      | 5.7956   | 5.1877   | 0.6079
diary      | 5.7946   | 5.0026   | 0.7920
dairy      | 5.7927   | 5.0203   | 0.7724
taste      | 5.7923   | 4.9951   | 0.7972
entry      | 5.7922   | 4.9462   | 0.8460
blame      | 5.7916   | 5.0220   | 0.7696
salve      | 5.7914   | 5.1542   | 0.6372
swore      | 5.7905   | 5.1310   | 0.6595
abort      | 5.7903   | 5.0902   | 0.7001
raven      | 5.7897   | 5.0427   | 0.7470
front      | 5.7896   | 4.9374   | 0.8522
scope      | 5.7872   | 4.9797   | 0.8075
pedal      | 5.7860   | 5.0476   | 0.7384
count      | 5.7858   | 4.9605   | 0.8253
baron      | 5.7846   | 5.0492   | 0.7354
model      | 5.7816   | 4.9170   | 0.8646
there      | 5.7815   | 4.8837   | 0.8978
hairy      | 5.7808   | 4.9802   | 0.8006
serif      | 5.7793   | 5.0659   | 0.7134
steel      | 5.7768   | 4.9452   | 0.8316
daily      | 5.7749   | 4.9214   | 0.8535
trove      | 5.7744   | 5.1122   | 0.6622
ulcer      | 5.7740   | 5.0813   | 0.6927
miser      | 5.7739   | 5.1696   | 0.6043
track      | 5.7726   | 4.9175   | 0.8551
brake      | 5.7709   | 4.9963   | 0.7746
gamer      | 5.7700   | 5.0392   | 0.7308
towel      | 5.7683   | 5.0189   | 0.7494
cameo      | 5.7672   | 5.0686   | 0.6986
shoal      | 5.7670   | 5.1284   | 0.6386
harem      | 5.7660   | 5.1273   | 0.6387
facet      | 5.7653   | 5.0767   | 0.6886
guest      | 5.7644   | 4.9294   | 0.8350
probe      | 5.7643   | 4.9884   | 0.7759
eaten      | 5.7630   | 5.0287   | 0.7343
sleet      | 5.7611   | 5.1405   | 0.6206
title      | 5.7609   | 4.8914   | 0.8695
rayon      | 5.7600   | 5.0840   | 0.6760
flair      | 5.7595   | 5.0502   | 0.7093
loath      | 5.7592   | 5.1749   | 0.5843
waist      | 5.7582   | 5.0079   | 0.7503
ripen      | 5.7582   | 5.1617   | 0.5965
flier      | 5.7562   | 5.1066   | 0.6496
guile      | 5.7560   | 5.0756   | 0.6804
value      | 5.7556   | 4.8880   | 0.8676
lithe      | 5.7536   | 5.1752   | 0.5784
float      | 5.7524   | 4.9799   | 0.7725
avert      | 5.7522   | 5.0857   | 0.6665
repay      | 5.7518   | 5.0468   | 0.7050
intro      | 5.7515   | 4.9676   | 0.7839
solve      | 5.7510   | 4.9628   | 0.7882
ankle      | 5.7472   | 5.0047   | 0.7425
ridge      | 5.7467   | 4.9522   | 0.7945
ounce      | 5.7465   | 5.0140   | 0.7325
hoist      | 5.7454   | 5.0710   | 0.6744
scary      | 5.7445   | 4.9900   | 0.7545
strip      | 5.7437   | 4.9437   | 0.8000
skier      | 5.7436   | 5.0714   | 0.6722
ranch      | 5.7436   | 4.9643   | 0.7793
groan      | 5.7435   | 5.1007   | 0.6428
under      | 5.7434   | 4.8628   | 0.8806
filet      | 5.7430   | 5.0927   | 0.6503
split      | 5.7420   | 4.9397   | 0.8023
chest      | 5.7411   | 4.9527   | 0.7884
sharp      | 5.7408   | 4.9311   | 0.8097
piano      | 5.7403   | 4.9391   | 0.8012
south      | 5.7403   | 4.8661   | 0.8742
terra      | 5.7392   | 5.0010   | 0.7382
serum      | 5.7390   | 4.9825   | 0.7565
thorn      | 5.7386   | 5.0430   | 0.6956
nadir      | 5.7373   | 5.1092   | 0.6281
today      | 5.7365   | 4.8622   | 0.8743
patio      | 5.7363   | 4.9693   | 0.7670
setup      | 5.7346   | 4.9268   | 0.8078
moist      | 5.7337   | 5.0196   | 0.7141
adult      | 5.7332   | 4.8819   | 0.8513
whale      | 5.7326   | 4.9756   | 0.7570
medal      | 5.7324   | 4.9648   | 0.7676
organ      | 5.7321   | 4.9585   | 0.7736
grand      | 5.7312   | 4.8955   | 0.8357
worst      | 5.7291   | 4.9325   | 0.7966
recut      | 5.7273   | 5.1447   | 0.5826
shake      | 5.7262   | 4.9635   | 0.7627
apron      | 5.7259   | 5.0244   | 0.7015
tense      | 5.7239   | 5.0063   | 0.7176
frost      | 5.7236   | 4.9665   | 0.7571
smelt      | 5.7222   | 5.1023   | 0.6199
truly      | 5.7212   | 4.9161   | 0.8051
cargo      | 5.7206   | 4.9443   | 0.7763
torus      | 5.7201   | 5.0736   | 0.6465
pecan      | 5.7199   | 5.0355   | 0.6844
glean      | 5.7197   | 5.1130   | 0.6067
claim      | 5.7196   | 4.8945   | 0.8251
voter      | 5.7193   | 4.9699   | 0.7494
draft      | 5.7193   | 4.8984   | 0.8209
cigar      | 5.7190   | 4.9781   | 0.7409
bloat      | 5.7182   | 5.0958   | 0.6224
choir      | 5.7176   | 4.9662   | 0.7514
goner      | 5.7176   | 5.1668   | 0.5508
steer      | 5.7169   | 5.0024   | 0.7145
reuse      | 5.7167   | 4.9762   | 0.7405
minor      | 5.7163   | 4.9007   | 0.8156
frail      | 5.7158   | 5.0540   | 0.6618
chain      | 5.7151   | 4.8934   | 0.8217
along      | 5.7124   | 4.8655   | 0.8469
splat      | 5.7109   | 5.0831   | 0.6278
brand      | 5.7091   | 4.8624   | 0.8467
clash      | 5.7085   | 4.9728   | 0.7357
gloat      | 5.7084   | 5.1394   | 0.5690
pried      | 5.7079   | 5.1558   | 0.5521
amuse      | 5.7072   | 5.0565   | 0.6507
reply      | 5.7058   | 4.8378   | 0.8680
orbit      | 5.7045   | 4.9513   | 0.7532
chant      | 5.7031   | 5.0091   | 0.6940
easel      | 5.7006   | 5.0326   | 0.6680
usage      | 5.6990   | 4.8886   | 0.8104
twice      | 5.6979   | 4.8957   | 0.8022
wrist      | 5.6974   | 4.9389   | 0.7585
plead      | 5.6972   | 5.0124   | 0.6848
broad      | 5.6970   | 4.8925   | 0.8045
arena      | 5.6968   | 4.9072   | 0.7896
agree      | 5.6963   | 4.8659   | 0.8304
stave      | 5.6959   | 5.0664   | 0.6295
image      | 5.6958   | 4.8261   | 0.8697
storm      | 5.6954   | 4.8895   | 0.8059
gripe      | 5.6953   | 5.0455   | 0.6498
bathe      | 5.6944   | 5.0494   | 0.6450
filer      | 5.6943   | 5.0321   | 0.6622
untie      | 5.6941   | 5.1116   | 0.5825
latte      | 5.6938   | 5.0263   | 0.6675
wrest      | 5.6937   | 5.0989   | 0.5948
grave      | 5.6936   | 4.9304   | 0.7632
faint      | 5.6912   | 4.9692   | 0.7220
uncle      | 5.6909   | 4.9215   | 0.7694
third      | 5.6901   | 4.8394   | 0.8507
audit      | 5.6899   | 4.8863   | 0.8036
adorn      | 5.6877   | 5.0458   | 0.6419
credo      | 5.6860   | 5.0461   | 0.6399
flame      | 5.6860   | 4.9147   | 0.7713
naive      | 5.6856   | 4.9781   | 0.7075
guise      | 5.6856   | 5.0191   | 0.6665
sloth      | 5.6850   | 5.0376   | 0.6474
ample      | 5.6847   | 4.9533   | 0.7314
idler      | 5.6845   | 5.0557   | 0.6288
rapid      | 5.6843   | 4.8837   | 0.8006
start      | 5.6843   | 4.8196   | 0.8647
lodge      | 5.6839   | 4.8791   | 0.8048
swine      | 5.6823   | 4.9819   | 0.7004
trite      | 5.6816   | 5.0640   | 0.6176
elate      | 5.6813   | 5.2177   | 0.4636
steak      | 5.6811   | 4.9360   | 0.7451
rivet      | 5.6810   | 5.0251   | 0.6559
torch      | 5.6808   | 4.9472   | 0.7336
drive      | 5.6803   | 4.8263   | 0.8540
lemon      | 5.6789   | 4.9053   | 0.7736
olden      | 5.6781   | 5.0553   | 0.6228
trawl      | 5.6773   | 5.0267   | 0.6506
weary      | 5.6770   | 4.9751   | 0.7019
trait      | 5.6761   | 4.9722   | 0.7039
mayor      | 5.6758   | 4.8836   | 0.7922
stark      | 5.6753   | 4.9402   | 0.7351
depot      | 5.6750   | 4.8989   | 0.7761
finer      | 5.6747   | 4.9780   | 0.6967
coupe      | 5.6746   | 4.9255   | 0.7491
peace      | 5.6741   | 4.8435   | 0.8306
round      | 5.6739   | 4.8356   | 0.8383
marsh      | 5.6739   | 4.9231   | 0.7508
spray      | 5.6733   | 4.8808   | 0.7925
hoard      | 5.6732   | 5.0348   | 0.6384
homer      | 5.6700   | 4.9262   | 0.7438
peach      | 5.6697   | 4.9294   | 0.7403
lover      | 5.6697   | 4.8954   | 0.7743
sonic      | 5.6694   | 4.9042   | 0.7652
erupt      | 5.6688   | 5.0490   | 0.6198
baton      | 5.6680   | 4.9247   | 0.7433
scorn      | 5.6679   | 5.0115   | 0.6564
slang      | 5.6668   | 4.9600   | 0.7068
enter      | 5.6663   | 4.8096   | 0.8567
cover      | 5.6663   | 4.8159   | 0.8504
align      | 5.6655   | 4.9116   | 0.7539
singe      | 5.6638   | 5.0981   | 0.5657
staid      | 5.6636   | 5.0663   | 0.5973
while      | 5.6621   | 4.7892   | 0.8729
tarot      | 5.6617   | 4.9256   | 0.7361
stoke      | 5.6612   | 4.9394   | 0.7218
upset      | 5.6607   | 4.9064   | 0.7543
token      | 5.6604   | 4.9051   | 0.7553
nasty      | 5.6598   | 4.8938   | 0.7660
pesto      | 5.6597   | 5.0121   | 0.6476
fried      | 5.6587   | 4.9141   | 0.7446
refit      | 5.6580   | 5.0598   | 0.5982
basil      | 5.6572   | 4.9320   | 0.7252
dirge      | 5.6568   | 5.0244   | 0.6324
until      | 5.6542   | 4.7989   | 0.8553
ascot      | 5.6542   | 4.9806   | 0.6736
clout      | 5.6540   | 4.9963   | 0.6577
media      | 5.6540   | 4.7821   | 0.8719
plied      | 5.6535   | 5.0445   | 0.6090
mason      | 5.6533   | 4.8781   | 0.7752
irony      | 5.6532   | 4.9377   | 0.7155
liver      | 5.6523   | 4.8678   | 0.7845
wiser      | 5.6515   | 4.9806   | 0.6709
adobe      | 5.6508   | 4.8377   | 0.8131
sower      | 5.6500   | 5.0709   | 0.5791
meaty      | 5.6500   | 5.0162   | 0.6338
copse      | 5.6496   | 5.0927   | 0.5569
money      | 5.6491   | 4.7804   | 0.8687
ralph      | 5.6491   | 4.8644   | 0.7847
daisy      | 5.6488   | 4.8976   | 0.7512
macro      | 5.6485   | 4.8716   | 0.7769
glide      | 5.6484   | 4.9438   | 0.7046
gruel      | 5.6479   | 5.0962   | 0.5517
skirt      | 5.6471   | 4.8699   | 0.7772
brave      | 5.6463   | 4.8944   | 0.7519
clasp      | 5.6437   | 4.9503   | 0.6934
voice      | 5.6434   | 4.8038   | 0.8396
beach      | 5.6429   | 4.7895   | 0.8534
amber      | 5.6427   | 4.8616   | 0.7811
flute      | 5.6413   | 4.8994   | 0.7419
melon      | 5.6407   | 4.9473   | 0.6934
snout      | 5.6404   | 5.0283   | 0.6121
grime      | 5.6403   | 4.9934   | 0.6469
owner      | 5.6400   | 4.8035   | 0.8365
white      | 5.6399   | 4.7688   | 0.8711
haunt      | 5.6389   | 4.9604   | 0.6785
sheet      | 5.6388   | 4.8106   | 0.8282
scrap      | 5.6388   | 4.9004   | 0.7384
tuber      | 5.6370   | 5.0279   | 0.6091
flora      | 5.6334   | 4.8853   | 0.7481
fault      | 5.6325   | 4.8452   | 0.7873
power      | 5.6307   | 4.7577   | 0.8730
broil      | 5.6306   | 4.9871   | 0.6435
abide      | 5.6282   | 4.8902   | 0.7380
maker      | 5.6269   | 4.8311   | 0.7958
spoil      | 5.6269   | 4.9314   | 0.6955
flirt      | 5.6267   | 4.9199   | 0.7068
loose      | 5.6266   | 4.8409   | 0.7857
these      | 5.6236   | 4.7311   | 0.8925
sneak      | 5.6228   | 4.9059   | 0.7169
sadly      | 5.6225   | 4.8825   | 0.7400
eagle      | 5.6224   | 4.8262   | 0.7962
scout      | 5.6199   | 4.8612   | 0.7587
twine      | 5.6195   | 4.9832   | 0.6363
savor      | 5.6183   | 4.9722   | 0.6461
gayer      | 5.6177   | 5.0812   | 0.5365
tardy      | 5.6169   | 4.9966   | 0.6203
craze      | 5.6166   | 4.9392   | 0.6774
bagel      | 5.6162   | 4.9481   | 0.6681
spilt      | 5.6161   | 5.0136   | 0.6025
adept      | 5.6154   | 4.9145   | 0.7009
sound      | 5.6150   | 4.7630   | 0.8520
tango      | 5.6149   | 4.8902   | 0.7247
built      | 5.6143   | 4.7762   | 0.8381
grope      | 5.6137   | 5.0265   | 0.5872
honey      | 5.6135   | 4.8363   | 0.7772
scion      | 5.6135   | 4.8973   | 0.7162
china      | 5.6126   | 4.7548   | 0.8578
basin      | 5.6126   | 4.8333   | 0.7793
whole      | 5.6124   | 4.7649   | 0.8475
octal      | 5.6122   | 4.9613   | 0.6509
groin      | 5.6106   | 4.9430   | 0.6676
cheap      | 5.6102   | 4.7591   | 0.8511
fruit      | 5.6102   | 4.8035   | 0.8067
crisp      | 5.6101   | 4.8704   | 0.7397
poker      | 5.6086   | 4.7498   | 0.8588
break      | 5.6079   | 4.7752   | 0.8327
weird      | 5.6077   | 4.8250   | 0.7827
tonic      | 5.6072   | 4.9125   | 0.6947
ashen      | 5.6067   | 5.0120   | 0.5947
tumor      | 5.6054   | 4.8395   | 0.7659
shard      | 5.6054   | 4.9878   | 0.6176
mealy      | 5.6045   | 5.0341   | 0.5704
rhino      | 5.6043   | 4.8814   | 0.7229
navel      | 5.6042   | 4.9061   | 0.6981
boule      | 5.6022   | 5.0318   | 0.5704
deity      | 5.6021   | 4.9120   | 0.6901
randy      | 5.6009   | 4.8316   | 0.7693
about      | 5.6009   | 4.6925   | 0.9084
cloth      | 5.6008   | 4.8244   | 0.7764
grasp      | 5.5977   | 4.8652   | 0.7325
tonga      | 5.5973   | 4.8487   | 0.7486
plaid      | 5.5971   | 4.8939   | 0.7032
march      | 5.5966   | 4.7325   | 0.8641
baker      | 5.5955   | 4.8037   | 0.7918
debar      | 5.5945   | 5.0671   | 0.5274
shorn      | 5.5943   | 5.0134   | 0.5809
chute      | 5.5929   | 4.9224   | 0.6705
final      | 5.5929   | 4.7416   | 0.8513
tramp      | 5.5926   | 4.9095   | 0.6831
aloud      | 5.5925   | 4.8543   | 0.7382
latch      | 5.5924   | 4.8866   | 0.7058
shied      | 5.5914   | 5.0274   | 0.5640
grout      | 5.5913   | 4.9344   | 0.6569
shout      | 5.5912   | 4.8506   | 0.7406
guide      | 5.5909   | 4.7194   | 0.8715
straw      | 5.5903   | 4.8498   | 0.7405
posit      | 5.5899   | 4.9714   | 0.6185
prove      | 5.5899   | 4.7953   | 0.7946
creak      | 5.5894   | 5.0157   | 0.5737
cobra      | 5.5893   | 4.8443   | 0.7450
login      | 5.5888   | 4.7271   | 0.8617
rehab      | 5.5884   | 4.8280   | 0.7604
carat      | 5.5880   | 4.8539   | 0.7341
fresh      | 5.5873   | 4.7632   | 0.8241
shave      | 5.5873   | 4.8650   | 0.7223
chaos      | 5.5872   | 4.8152   | 0.7720
mural      | 5.5867   | 4.8929   | 0.6938
robin      | 5.5859   | 4.8036   | 0.7823
scour      | 5.5855   | 4.9497   | 0.6358
matey      | 5.5848   | 5.0202   | 0.5646
opine      | 5.5827   | 5.0187   | 0.5640
could      | 5.5821   | 4.7023   | 0.8798
sheer      | 5.5820   | 4.8202   | 0.7618
braid      | 5.5814   | 4.9031   | 0.6783
wheat      | 5.5813   | 4.8093   | 0.7720
often      | 5.5812   | 4.7314   | 0.8498
crawl      | 5.5808   | 4.8541   | 0.7267
valor      | 5.5803   | 4.8928   | 0.6875
berth      | 5.5801   | 4.8983   | 0.6818
olive      | 5.5800   | 4.8054   | 0.7746
brief      | 5.5786   | 4.7600   | 0.8186
fable      | 5.5783   | 4.8751   | 0.7032
clerk      | 5.5773   | 4.7935   | 0.7838
stove      | 5.5773   | 4.8372   | 0.7401
noisy      | 5.5753   | 4.8373   | 0.7380
erect      | 5.5752   | 4.8629   | 0.7123
aloft      | 5.5736   | 4.9283   | 0.6453
forge      | 5.5735   | 4.8215   | 0.7520
asset      | 5.5734   | 4.7744   | 0.7990
dirty      | 5.5733   | 4.7786   | 0.7947
burst      | 5.5725   | 4.8212   | 0.7513
tract      | 5.5725   | 4.8157   | 0.7568
greet      | 5.5724   | 4.8665   | 0.7059
stony      | 5.5706   | 4.8617   | 0.7089
globe      | 5.5704   | 4.7793   | 0.7911
spied      | 5.5692   | 4.9504   | 0.6188
wager      | 5.5674   | 4.8736   | 0.6938
racer      | 5.5665   | 4.8297   | 0.7368
sneer      | 5.5636   | 4.9639   | 0.5997
whose      | 5.5634   | 4.7356   | 0.8278
drove      | 5.5634   | 4.8090   | 0.7544
screw      | 5.5625   | 4.7929   | 0.7696
urban      | 5.5625   | 4.7390   | 0.8235
mount      | 5.5616   | 4.7393   | 0.8223
sandy      | 5.5615   | 4.7846   | 0.7769
altar      | 5.5612   | 4.8381   | 0.7231
amend      | 5.5604   | 4.7925   | 0.7679
rebut      | 5.5598   | 4.9525   | 0.6073
viral      | 5.5590   | 4.8017   | 0.7573
suave      | 5.5590   | 4.9333   | 0.6257
broke      | 5.5586   | 4.7796   | 0.7790
mince      | 5.5584   | 4.9341   | 0.6243
bluer      | 5.5583   | 5.0076   | 0.5507
sleep      | 5.5575   | 4.7422   | 0.8153
spree      | 5.5571   | 4.8687   | 0.6884
yield      | 5.5571   | 4.7649   | 0.7922
abode      | 5.5555   | 4.8660   | 0.6895
angst      | 5.5553   | 4.8663   | 0.6890
began      | 5.5550   | 4.7313   | 0.8237
fecal      | 5.5545   | 4.8738   | 0.6807
debit      | 5.5539   | 4.8068   | 0.7471
guilt      | 5.5526   | 4.8158   | 0.7368
curio      | 5.5524   | 4.9062   | 0.6462
grief      | 5.5522   | 4.8059   | 0.7463
scalp      | 5.5520   | 4.8586   | 0.6934
total      | 5.5513   | 4.6787   | 0.8726
fairy      | 5.5509   | 4.7906   | 0.7603
nosey      | 5.5502   | 4.9732   | 0.5770
novel      | 5.5486   | 4.7433   | 0.8053
crank      | 5.5465   | 4.8315   | 0.7150
ovate      | 5.5454   | 4.9639   | 0.5815
toast      | 5.5441   | 4.8117   | 0.7324
guard      | 5.5435   | 4.7393   | 0.8042
faith      | 5.5419   | 4.7202   | 0.8217
threw      | 5.5396   | 4.7946   | 0.7450
wrath      | 5.5393   | 4.8186   | 0.7207
meter      | 5.5390   | 4.7321   | 0.8069
green      | 5.5385   | 4.6844   | 0.8541
mange      | 5.5356   | 4.9251   | 0.6105
genre      | 5.5355   | 4.7294   | 0.8061
stalk      | 5.5348   | 4.8588   | 0.6760
corny      | 5.5327   | 4.9011   | 0.6316
scaly      | 5.5324   | 4.9175   | 0.6149
scree      | 5.5315   | 4.9484   | 0.5831
deter      | 5.5296   | 4.8211   | 0.7085
wider      | 5.5287   | 4.7590   | 0.7697
lemur      | 5.5286   | 4.9109   | 0.6177
retro      | 5.5285   | 4.7597   | 0.7688
eager      | 5.5279   | 4.7851   | 0.7428
retch      | 5.5273   | 5.0176   | 0.5097
palsy      | 5.5270   | 4.8318   | 0.6952
spend      | 5.5263   | 4.7143   | 0.8120
niche      | 5.5263   | 4.7853   | 0.7410
decay      | 5.5253   | 4.7755   | 0.7498
clued      | 5.5252   | 4.9510   | 0.5742
cabin      | 5.5252   | 4.7561   | 0.7691
tiara      | 5.5231   | 4.8477   | 0.6754
horny      | 5.5231   | 4.7379   | 0.7852
relax      | 5.5230   | 4.7503   | 0.7727
inept      | 5.5225   | 4.8813   | 0.6412
sperm      | 5.5221   | 4.7650   | 0.7571
verso      | 5.5209   | 4.8531   | 0.6678
purge      | 5.5207   | 4.8269   | 0.6938
patsy      | 5.5197   | 4.8376   | 0.6821
topic      | 5.5192   | 4.6567   | 0.8625
brash      | 5.5172   | 4.8756   | 0.6416
field      | 5.5162   | 4.6562   | 0.8600
crony      | 5.5147   | 4.9354   | 0.5793
scene      | 5.5146   | 4.6994   | 0.8152
adopt      | 5.5143   | 4.7325   | 0.7818
glory      | 5.5140   | 4.7266   | 0.7874
prude      | 5.5127   | 4.9542   | 0.5585
spurt      | 5.5094   | 4.8854   | 0.6240
thief      | 5.5074   | 4.7790   | 0.7284
habit      | 5.5068   | 4.7576   | 0.7492
daunt      | 5.5067   | 4.9955   | 0.5112
panic      | 5.5066   | 4.7465   | 0.7601
gaunt      | 5.5062   | 4.8803   | 0.6259
usher      | 5.5045   | 4.7548   | 0.7497
graft      | 5.5029   | 4.8026   | 0.7003
birth      | 5.5010   | 4.6790   | 0.8220
shark      | 5.5007   | 4.7438   | 0.7569
grove      | 5.4997   | 4.7071   | 0.7926
perch      | 5.4993   | 4.8102   | 0.6891
soapy      | 5.4981   | 4.8777   | 0.6204
flash      | 5.4953   | 4.6541   | 0.8412
edict      | 5.4953   | 4.8631   | 0.6322
burnt      | 5.4947   | 4.7628   | 0.7319
mercy      | 5.4918   | 4.7292   | 0.7626
begat      | 5.4903   | 4.8938   | 0.5965
speak      | 5.4901   | 4.6728   | 0.8173
charm      | 5.4898   | 4.7105   | 0.7793
gland      | 5.4881   | 4.7661   | 0.7220
stoic      | 5.4880   | 4.8732   | 0.6148
rival      | 5.4876   | 4.7436   | 0.7440
right      | 5.4858   | 4.6083   | 0.8775
patch      | 5.4857   | 4.6606   | 0.8251
piety      | 5.4851   | 4.8309   | 0.6542
vital      | 5.4849   | 4.6948   | 0.7901
surly      | 5.4831   | 4.8524   | 0.6307
curve      | 5.4822   | 4.7011   | 0.7811
trick      | 5.4817   | 4.7119   | 0.7698
buyer      | 5.4792   | 4.6526   | 0.8266
erode      | 5.4792   | 4.8122   | 0.6670
chard      | 5.4781   | 4.8368   | 0.6413
overt      | 5.4780   | 4.8054   | 0.6726
drawn      | 5.4762   | 4.6844   | 0.7918
swirl      | 5.4757   | 4.7860   | 0.6897
piney      | 5.4755   | 4.8418   | 0.6337
micro      | 5.4744   | 4.6685   | 0.8059
leafy      | 5.4740   | 4.8116   | 0.6624
lumen      | 5.4736   | 4.8108   | 0.6628
aware      | 5.4727   | 4.6619   | 0.8108
acrid      | 5.4717   | 4.9071   | 0.5646
shaft      | 5.4716   | 4.7113   | 0.7603
glint      | 5.4713   | 4.8565   | 0.6148
gnome      | 5.4712   | 4.6853   | 0.7859
haven      | 5.4712   | 4.6918   | 0.7794
saucy      | 5.4711   | 4.8282   | 0.6429
scald      | 5.4693   | 4.9061   | 0.5632
croak      | 5.4682   | 4.8781   | 0.5901
riser      | 5.4679   | 4.7902   | 0.6777
hinge      | 5.4671   | 4.7618   | 0.7053
vault      | 5.4669   | 4.7136   | 0.7533
antic      | 5.4668   | 4.8838   | 0.5830
spike      | 5.4663   | 4.7175   | 0.7488
proud      | 5.4661   | 4.6691   | 0.7970
cleft      | 5.4658   | 4.7980   | 0.6678
grunt      | 5.4658   | 4.8099   | 0.6559
touch      | 5.4656   | 4.6431   | 0.8225
flyer      | 5.4655   | 4.7099   | 0.7556
paper      | 5.4653   | 4.6053   | 0.8600
donut      | 5.4644   | 4.7937   | 0.6707
clove      | 5.4640   | 4.8020   | 0.6620
tepid      | 5.4630   | 4.8591   | 0.6039
crier      | 5.4627   | 4.8316   | 0.6311
slurp      | 5.4611   | 4.8160   | 0.6451
beret      | 5.4605   | 4.8358   | 0.6247
dense      | 5.4605   | 4.7085   | 0.7520
flint      | 5.4594   | 4.7274   | 0.7320
slack      | 5.4592   | 4.7492   | 0.7100
world      | 5.4588   | 4.5711   | 0.8877
ester      | 5.4587   | 4.7582   | 0.7005
spoke      | 5.4586   | 4.6758   | 0.7828
infer      | 5.4585   | 4.7746   | 0.6839
elect      | 5.4581   | 4.7023   | 0.7558
broth      | 5.4563   | 4.7649   | 0.6914
scarf      | 5.4558   | 4.7245   | 0.7313
audio      | 5.4557   | 4.5973   | 0.8584
spout      | 5.4555   | 4.7810   | 0.6745
inlay      | 5.4551   | 4.7776   | 0.6775
badge      | 5.4528   | 4.6943   | 0.7585
cower      | 5.4524   | 4.8930   | 0.5594
smith      | 5.4521   | 4.6131   | 0.8390
basic      | 5.4514   | 4.6040   | 0.8474
lousy      | 5.4505   | 4.7670   | 0.6835
rusty      | 5.4499   | 4.7244   | 0.7255
abled      | 5.4489   | 4.8759   | 0.5730
fiber      | 5.4476   | 4.6542   | 0.7934
lunge      | 5.4476   | 4.8490   | 0.5986
sinew      | 5.4475   | 4.9008   | 0.5467
rabid      | 5.4462   | 4.7906   | 0.6556
sling      | 5.4459   | 4.7424   | 0.7035
drank      | 5.4452   | 4.7394   | 0.7058
unmet      | 5.4441   | 4.7903   | 0.6538
felon      | 5.4431   | 4.8097   | 0.6334
creed      | 5.4426   | 4.7085   | 0.7341
blend      | 5.4417   | 4.6656   | 0.7761
bacon      | 5.4417   | 4.6885   | 0.7532
modal      | 5.4415   | 4.7373   | 0.7042
crush      | 5.4412   | 4.7049   | 0.7363
pinto      | 5.4401   | 4.7561   | 0.6840
foyer      | 5.4393   | 4.7582   | 0.6811
forth      | 5.4392   | 4.6367   | 0.8025
leave      | 5.4379   | 4.5956   | 0.8423
elder      | 5.4378   | 4.6726   | 0.7652
gleam      | 5.4376   | 4.8090   | 0.6286
chime      | 5.4369   | 4.7526   | 0.6843
cloud      | 5.4362   | 4.6542   | 0.7820
amble      | 5.4359   | 4.8552   | 0.5807
piece      | 5.4358   | 4.6076   | 0.8282
angry      | 5.4355   | 4.6611   | 0.7744
golem      | 5.4355   | 4.7958   | 0.6397
fiery      | 5.4343   | 4.7270   | 0.7073
thank      | 5.4341   | 4.5951   | 0.8390
tulip      | 5.4340   | 4.7148   | 0.7192
brunt      | 5.4328   | 4.7883   | 0.6445
apart      | 5.4323   | 4.6367   | 0.7956
mourn      | 5.4322   | 4.7650   | 0.6672
flour      | 5.4318   | 4.6803   | 0.7515
sworn      | 5.4317   | 4.7138   | 0.7179
shunt      | 5.4316   | 4.7767   | 0.6549
leaky      | 5.4297   | 4.7712   | 0.6585
dunce      | 5.4297   | 4.8612   | 0.5685
halve      | 5.4295   | 4.8212   | 0.6083
aorta      | 5.4293   | 4.7715   | 0.6578
drift      | 5.4291   | 4.6893   | 0.7398
ghost      | 5.4290   | 4.6381   | 0.7909
shrew      | 5.4280   | 4.7958   | 0.6322
covet      | 5.4277   | 4.8240   | 0.6037
eight      | 5.4276   | 4.6091   | 0.8185
turbo      | 5.4264   | 4.6489   | 0.7775
freak      | 5.4263   | 4.6863   | 0.7400
denim      | 5.4259   | 4.6779   | 0.7480
truer      | 5.4255   | 4.8142   | 0.6113
oaken      | 5.4252   | 4.8829   | 0.5423
being      | 5.4249   | 4.5503   | 0.8746
spark      | 5.4247   | 4.6758   | 0.7489
graph      | 5.4242   | 4.6308   | 0.7934
tubal      | 5.4232   | 4.7715   | 0.6517
demon      | 5.4230   | 4.6762   | 0.7468
stork      | 5.4217   | 4.7577   | 0.6640
troll      | 5.4209   | 4.7081   | 0.7128
wafer      | 5.4198   | 4.7201   | 0.6997
lurid      | 5.4191   | 4.8138   | 0.6053
wince      | 5.4182   | 4.7550   | 0.6632
flake      | 5.4181   | 4.7468   | 0.6713
maybe      | 5.4175   | 4.5844   | 0.8331
bland      | 5.4166   | 4.7154   | 0.7012
fraud      | 5.4166   | 4.6235   | 0.7931
knelt      | 5.4164   | 4.7785   | 0.6379
worth      | 5.4156   | 4.5848   | 0.8308
movie      | 5.4143   | 4.5502   | 0.8641
scram      | 5.4141   | 4.8341   | 0.5800
month      | 5.4139   | 4.5564   | 0.8575
pansy      | 5.4127   | 4.7758   | 0.6369
gaily      | 5.4119   | 4.8352   | 0.5767
plume      | 5.4108   | 4.7205   | 0.6903
smoke      | 5.4094   | 4.6137   | 0.7957
stack      | 5.4094   | 4.6282   | 0.7812
cloak      | 5.4091   | 4.7126   | 0.6965
cyber      | 5.4057   | 4.6312   | 0.7745
match      | 5.4049   | 4.5709   | 0.8340
unlit      | 5.4043   | 4.8453   | 0.5590
order      | 5.4023   | 4.5201   | 0.8822
bilge      | 5.4023   | 4.7664   | 0.6359
twirl      | 5.4021   | 4.7951   | 0.6070
foist      | 5.4020   | 4.8711   | 0.5309
focal      | 5.4020   | 4.6455   | 0.7565
liken      | 5.4009   | 4.8238   | 0.5771
stamp      | 5.4000   | 4.6236   | 0.7764
cagey      | 5.3999   | 4.8596   | 0.5403
group      | 5.3990   | 4.5178   | 0.8812
prism      | 5.3987   | 4.6753   | 0.7234
child      | 5.3980   | 4.5412   | 0.8568
niece      | 5.3962   | 4.7104   | 0.6858
chord      | 5.3954   | 4.6649   | 0.7305
chief      | 5.3946   | 4.5654   | 0.8292
shelf      | 5.3944   | 4.6126   | 0.7818
prize      | 5.3941   | 4.5992   | 0.7949
diver      | 5.3941   | 4.6740   | 0.7201
azure      | 5.3936   | 4.7125   | 0.6811
prank      | 5.3934   | 4.7234   | 0.6700
flesh      | 5.3934   | 4.6311   | 0.7623
siege      | 5.3932   | 4.6720   | 0.7212
nerdy      | 5.3931   | 4.7549   | 0.6382
taint      | 5.3925   | 4.7614   | 0.6311
extra      | 5.3920   | 4.5549   | 0.8371
rebel      | 5.3920   | 4.6311   | 0.7609
hardy      | 5.3906   | 4.6425   | 0.7481
women      | 5.3902   | 4.5156   | 0.8746
aunty      | 5.3897   | 4.7815   | 0.6082
candy      | 5.3893   | 4.6002   | 0.7891
trunk      | 5.3890   | 4.6081   | 0.7809
boney      | 5.3887   | 4.7531   | 0.6356
hasty      | 5.3883   | 4.7262   | 0.6621
curly      | 5.3874   | 4.6715   | 0.7159
tempo      | 5.3866   | 4.6528   | 0.7338
crown      | 5.3856   | 4.5897   | 0.7959
poesy      | 5.3855   | 4.8489   | 0.5366
otter      | 5.3851   | 4.6824   | 0.7027
manly      | 5.3848   | 4.6948   | 0.6900
admit      | 5.3842   | 4.6118   | 0.7724
clang      | 5.3840   | 4.7885   | 0.5955
foray      | 5.3834   | 4.7379   | 0.6455
serve      | 5.3811   | 4.5588   | 0.8223
puree      | 5.3804   | 4.7414   | 0.6390
algae      | 5.3804   | 4.6678   | 0.7126
roost      | 5.3802   | 4.7250   | 0.6552
shiny      | 5.3796   | 4.6481   | 0.7315
moult      | 5.3789   | 4.8320   | 0.5469
aptly      | 5.3787   | 4.7243   | 0.6544
depth      | 5.3767   | 4.5589   | 0.8178
grind      | 5.3755   | 4.6549   | 0.7206
fleet      | 5.3753   | 4.5967   | 0.7786
drier      | 5.3751   | 4.7145   | 0.6606
ladle      | 5.3745   | 4.7437   | 0.6308
chafe      | 5.3743   | 4.8029   | 0.5714
mower      | 5.3733   | 4.6729   | 0.7004
heady      | 5.3727   | 4.7342   | 0.6385
label      | 5.3727   | 4.5466   | 0.8261
caput      | 5.3726   | 4.8075   | 0.5651
alley      | 5.3720   | 4.6258   | 0.7462
rupee      | 5.3716   | 4.6453   | 0.7263
hover      | 5.3715   | 4.6719   | 0.6996
begin      | 5.3714   | 4.5424   | 0.8290
forty      | 5.3709   | 4.6050   | 0.7659
stall      | 5.3706   | 4.6571   | 0.7135
lyric      | 5.3692   | 4.6058   | 0.7634
chide      | 5.3687   | 4.8285   | 0.5402
pasty      | 5.3686   | 4.7622   | 0.6064
porch      | 5.3685   | 4.6341   | 0.7344
welsh      | 5.3677   | 4.6022   | 0.7655
locus      | 5.3674   | 4.6385   | 0.7289
sheen      | 5.3674   | 4.6827   | 0.6847
blunt      | 5.3663   | 4.6240   | 0.7423
debut      | 5.3654   | 4.6006   | 0.7648
crepe      | 5.3649   | 4.6983   | 0.6666
visor      | 5.3636   | 4.6560   | 0.7076
repel      | 5.3625   | 4.7234   | 0.6391
incur      | 5.3616   | 4.6509   | 0.7107
creep      | 5.3611   | 4.6545   | 0.7066
raspy      | 5.3604   | 4.7956   | 0.5648
whine      | 5.3603   | 4.6898   | 0.6705
above      | 5.3602   | 4.4989   | 0.8613
blurt      | 5.3600   | 4.8054   | 0.5546
trust      | 5.3598   | 4.5249   | 0.8349
biome      | 5.3584   | 4.7668   | 0.5916
gavel      | 5.3572   | 4.7292   | 0.6280
mirth      | 5.3566   | 4.7246   | 0.6320
disco      | 5.3564   | 4.5924   | 0.7640
cheer      | 5.3559   | 4.6188   | 0.7371
torso      | 5.3559   | 4.6503   | 0.7056
girth      | 5.3555   | 4.7107   | 0.6448
midst      | 5.3555   | 4.6216   | 0.7339
exalt      | 5.3516   | 4.7545   | 0.5971
sting      | 5.3513   | 4.6259   | 0.7254
vapor      | 5.3511   | 4.6129   | 0.7382
cramp      | 5.3501   | 4.7155   | 0.6346
rural      | 5.3495   | 4.5326   | 0.8169
loamy      | 5.3490   | 4.7697   | 0.5793
manic      | 5.3480   | 4.6515   | 0.6965
exact      | 5.3473   | 4.5413   | 0.8060
sweet      | 5.3469   | 4.5286   | 0.8183
video      | 5.3464   | 4.4623   | 0.8841
bison      | 5.3463   | 4.6352   | 0.7111
hyena      | 5.3461   | 4.7320   | 0.6141
ruler      | 5.3454   | 4.6225   | 0.7229
inane      | 5.3451   | 4.7221   | 0.6230
salvo      | 5.3450   | 4.7042   | 0.6408
doing      | 5.3446   | 4.4986   | 0.8460
linen      | 5.3439   | 4.5941   | 0.7498
laugh      | 5.3430   | 4.5664   | 0.7766
unity      | 5.3429   | 4.5711   | 0.7718
creme      | 5.3418   | 4.6374   | 0.7044
still      | 5.3416   | 4.4729   | 0.8687
corer      | 5.3406   | 4.7805   | 0.5601
tunic      | 5.3405   | 4.6766   | 0.6639
ethos      | 5.3400   | 4.6634   | 0.6766
rider      | 5.3394   | 4.5661   | 0.7733
color      | 5.3393   | 4.4840   | 0.8553
dowel      | 5.3385   | 4.7212   | 0.6173
devil      | 5.3373   | 4.5507   | 0.7866
stank      | 5.3367   | 4.7741   | 0.5626
graze      | 5.3365   | 4.7068   | 0.6297
dried      | 5.3360   | 4.5764   | 0.7596
shall      | 5.3357   | 4.4668   | 0.8689
sight      | 5.3349   | 4.5469   | 0.7880
parer      | 5.3348   | 4.8248   | 0.5100
legal      | 5.3327   | 4.4714   | 0.8613
lapel      | 5.3324   | 4.6479   | 0.6845
glove      | 5.3322   | 4.5844   | 0.7478
agate      | 5.3318   | 4.6576   | 0.6742
viola      | 5.3314   | 4.6112   | 0.7202
trout      | 5.3313   | 4.5782   | 0.7531
viper      | 5.3309   | 4.6156   | 0.7153
tangy      | 5.3303   | 4.7051   | 0.6252
light      | 5.3302   | 4.4719   | 0.8583
noose      | 5.3295   | 4.6980   | 0.6315
binge      | 5.3282   | 4.6567   | 0.6715
logic      | 5.3280   | 4.5195   | 0.8085
drink      | 5.3278   | 4.5128   | 0.8150
preen      | 5.3276   | 4.7819   | 0.5457
snack      | 5.3275   | 4.5882   | 0.7393
frank      | 5.3270   | 4.5097   | 0.8173
notch      | 5.3267   | 4.5938   | 0.7329
girly      | 5.3265   | 4.6593   | 0.6672
quiet      | 5.3258   | 4.5297   | 0.7961
vista      | 5.3258   | 4.5361   | 0.7897
vicar      | 5.3252   | 4.6552   | 0.6700
exist      | 5.3252   | 4.5149   | 0.8103
shove      | 5.3251   | 4.6538   | 0.6713
crypt      | 5.3249   | 4.6160   | 0.7089
truck      | 5.3246   | 4.5065   | 0.8181
amity      | 5.3236   | 4.6742   | 0.6494
steep      | 5.3223   | 4.5882   | 0.7341
quote      | 5.3220   | 4.4612   | 0.8608
decry      | 5.3218   | 4.7222   | 0.5996
rebus      | 5.3214   | 4.7160   | 0.6054
rough      | 5.3213   | 4.5386   | 0.7827
valid      | 5.3202   | 4.4843   | 0.8359
allot      | 5.3201   | 4.6862   | 0.6339
humor      | 5.3188   | 4.5200   | 0.7988
mover      | 5.3183   | 4.6009   | 0.7174
croup      | 5.3181   | 4.7346   | 0.5835
canal      | 5.3174   | 4.5473   | 0.7701
apple      | 5.3169   | 4.4846   | 0.8323
deign      | 5.3162   | 4.7569   | 0.5593
inner      | 5.3157   | 4.5180   | 0.7977
shift      | 5.3155   | 4.5136   | 0.8019
warty      | 5.3154   | 4.7475   | 0.5679
swept      | 5.3152   | 4.5924   | 0.7228
quite      | 5.3148   | 4.4780   | 0.8368
primo      | 5.3139   | 4.6391   | 0.6748
natal      | 5.3126   | 4.5837   | 0.7289
bloke      | 5.3102   | 4.6437   | 0.6665
verse      | 5.3100   | 4.5439   | 0.7661
sewer      | 5.3094   | 4.5592   | 0.7502
hyper      | 5.3089   | 4.5780   | 0.7309
genie      | 5.3078   | 4.6060   | 0.7018
ombre      | 5.3076   | 4.6987   | 0.6089
drawl      | 5.3056   | 4.7372   | 0.5684
scold      | 5.3055   | 4.7151   | 0.5904
bowel      | 5.3049   | 4.5812   | 0.7237
titan      | 5.3044   | 4.5637   | 0.7407
tulle      | 5.3042   | 4.6785   | 0.6257
surer      | 5.3038   | 4.7581   | 0.5457
waive      | 5.3034   | 4.5973   | 0.7061
sword      | 5.3026   | 4.5300   | 0.7726
dwelt      | 5.3025   | 4.6558   | 0.6467
vocal      | 5.3024   | 4.5287   | 0.7737
shady      | 5.3013   | 4.5889   | 0.7124
clamp      | 5.3010   | 4.5640   | 0.7370
voila      | 5.2999   | 4.6537   | 0.6462
prior      | 5.2986   | 4.4598   | 0.8388
clank      | 5.2986   | 4.6851   | 0.6135
hotly      | 5.2971   | 4.6675   | 0.6296
prawn      | 5.2969   | 4.6503   | 0.6466
dread      | 5.2967   | 4.5943   | 0.7024
stock      | 5.2962   | 4.4294   | 0.8668
input      | 5.2956   | 4.4596   | 0.8360
rhyme      | 5.2949   | 4.5959   | 0.6990
shawl      | 5.2945   | 4.6148   | 0.6797
rodeo      | 5.2939   | 4.5575   | 0.7364
prong      | 5.2934   | 4.6115   | 0.6819
batch      | 5.2926   | 4.5246   | 0.7680
leper      | 5.2926   | 4.6936   | 0.5990
thing      | 5.2918   | 4.4406   | 0.8512
throw      | 5.2913   | 4.4974   | 0.7939
froth      | 5.2898   | 4.6739   | 0.6159
roger      | 5.2897   | 4.4967   | 0.7930
local      | 5.2888   | 4.4116   | 0.8772
steed      | 5.2878   | 4.6256   | 0.6622
class      | 5.2862   | 4.4174   | 0.8688
coven      | 5.2858   | 4.6668   | 0.6190
bring      | 5.2840   | 4.4478   | 0.8362
heath      | 5.2828   | 4.5244   | 0.7584
churn      | 5.2828   | 4.6211   | 0.6617
widen      | 5.2827   | 4.5958   | 0.6869
ebony      | 5.2826   | 4.4908   | 0.7918
bleak      | 5.2825   | 4.5993   | 0.6832
mouth      | 5.2824   | 4.4755   | 0.8069
agony      | 5.2823   | 4.5829   | 0.6994
fetus      | 5.2814   | 4.5765   | 0.7049
glaze      | 5.2814   | 4.5855   | 0.6959
semen      | 5.2812   | 4.5816   | 0.6996
psalm      | 5.2810   | 4.5653   | 0.7157
hence      | 5.2809   | 4.4887   | 0.7922
blind      | 5.2808   | 4.4853   | 0.7955
slimy      | 5.2807   | 4.6536   | 0.6271
elfin      | 5.2802   | 4.6904   | 0.5898
youth      | 5.2802   | 4.4474   | 0.8328
slick      | 5.2796   | 4.5610   | 0.7186
abate      | 5.2794   | 4.6369   | 0.6425
derby      | 5.2790   | 4.5194   | 0.7596
hazel      | 5.2770   | 4.5505   | 0.7265
given      | 5.2767   | 4.4186   | 0.8581
dicey      | 5.2764   | 4.6886   | 0.5878
blond      | 5.2760   | 4.5246   | 0.7514
shank      | 5.2749   | 4.5830   | 0.6919
atoll      | 5.2743   | 4.5997   | 0.6746
liege      | 5.2737   | 4.6193   | 0.6544
yacht      | 5.2737   | 4.5166   | 0.7571
below      | 5.2730   | 4.4110   | 0.8620
build      | 5.2721   | 4.4274   | 0.8447
swath      | 5.2711   | 4.6321   | 0.6390
nomad      | 5.2709   | 4.5753   | 0.6956
admin      | 5.2707   | 4.4474   | 0.8233
wield      | 5.2704   | 4.6337   | 0.6367
among      | 5.2703   | 4.4234   | 0.8469
payee      | 5.2698   | 4.6143   | 0.6555
wreak      | 5.2696   | 4.6471   | 0.6225
sigma      | 5.2692   | 4.4855   | 0.7837
maize      | 5.2691   | 4.5534   | 0.7157
lusty      | 5.2678   | 4.6056   | 0.6622
salad      | 5.2671   | 4.4941   | 0.7730
swarm      | 5.2661   | 4.5800   | 0.6861
lingo      | 5.2655   | 4.5838   | 0.6817
plank      | 5.2654   | 4.5752   | 0.6902
brush      | 5.2654   | 4.4880   | 0.7774
egret      | 5.2641   | 4.6304   | 0.6337
spank      | 5.2627   | 4.5093   | 0.7534
alarm      | 5.2625   | 4.4658   | 0.7967
thong      | 5.2621   | 4.4945   | 0.7676
slink      | 5.2592   | 4.6614   | 0.5978
omega      | 5.2586   | 4.4802   | 0.7784
gonad      | 5.2566   | 4.6968   | 0.5598
tough      | 5.2552   | 4.4667   | 0.7885
spurn      | 5.2547   | 4.7049   | 0.5498
creek      | 5.2545   | 4.4309   | 0.8236
blaze      | 5.2541   | 4.5341   | 0.7200
choke      | 5.2530   | 4.5566   | 0.6964
bugle      | 5.2528   | 4.5996   | 0.6532
sheik      | 5.2524   | 4.5981   | 0.6543
guild      | 5.2522   | 4.4838   | 0.7684
ovine      | 5.2522   | 4.6697   | 0.5825
shell      | 5.2517   | 4.4484   | 0.8033
human      | 5.2511   | 4.3866   | 0.8645
pound      | 5.2510   | 4.4623   | 0.7887
beset      | 5.2508   | 4.6198   | 0.6310
neigh      | 5.2506   | 4.6489   | 0.6017
carry      | 5.2503   | 4.4313   | 0.8190
leery      | 5.2497   | 4.6598   | 0.5899
press      | 5.2495   | 4.3822   | 0.8673
utter      | 5.2495   | 4.5363   | 0.7132
think      | 5.2482   | 4.3762   | 0.8720
tipsy      | 5.2470   | 4.6309   | 0.6161
watch      | 5.2468   | 4.3971   | 0.8497
masse      | 5.2459   | 4.5988   | 0.6471
sleek      | 5.2458   | 4.5210   | 0.7248
moose      | 5.2455   | 4.5092   | 0.7363
bulge      | 5.2450   | 4.5718   | 0.6732
sorry      | 5.2449   | 4.4235   | 0.8214
giver      | 5.2448   | 4.5828   | 0.6620
demur      | 5.2436   | 4.7238   | 0.5198
blank      | 5.2433   | 4.4444   | 0.7989
nasal      | 5.2427   | 4.5212   | 0.7215
brawl      | 5.2423   | 4.5905   | 0.6518
bonus      | 5.2415   | 4.4281   | 0.8134
doubt      | 5.2414   | 4.4386   | 0.8028
gourd      | 5.2406   | 4.5949   | 0.6457
anvil      | 5.2392   | 4.5631   | 0.6761
ether      | 5.2351   | 4.5269   | 0.7082
epoch      | 5.2349   | 4.5317   | 0.7032
plush      | 5.2349   | 4.4873   | 0.7476
stick      | 5.2346   | 4.4285   | 0.8061
datum      | 5.2333   | 4.5175   | 0.7158
quart      | 5.2320   | 4.5209   | 0.7111
heavy      | 5.2319   | 4.4087   | 0.8232
vague      | 5.2313   | 4.5057   | 0.7256
cling      | 5.2313   | 4.5547   | 0.6766
goose      | 5.2297   | 4.4915   | 0.7382
lefty      | 5.2290   | 4.5509   | 0.6781
synod      | 5.2290   | 4.5455   | 0.6835
theta      | 5.2283   | 4.4776   | 0.7507
vegan      | 5.2280   | 4.5047   | 0.7233
bench      | 5.2278   | 4.4545   | 0.7733
thyme      | 5.2275   | 4.5480   | 0.6795
tutor      | 5.2272   | 4.4801   | 0.7471
lunch      | 5.2270   | 4.4234   | 0.8036
stink      | 5.2257   | 4.5530   | 0.6727
breed      | 5.2246   | 4.4572   | 0.7674
study      | 5.2244   | 4.3612   | 0.8632
joint      | 5.2241   | 4.4000   | 0.8241
dopey      | 5.2232   | 4.6332   | 0.5900
ethic      | 5.2222   | 4.5296   | 0.6926
fiend      | 5.2213   | 4.5613   | 0.6600
tawny      | 5.2206   | 4.5659   | 0.6547
decoy      | 5.2192   | 4.5722   | 0.6470
favor      | 5.2189   | 4.4352   | 0.7837
suing      | 5.2170   | 4.5475   | 0.6695
throb      | 5.2150   | 4.6129   | 0.6021
rebar      | 5.2149   | 4.5984   | 0.6165
rearm      | 5.2143   | 4.6944   | 0.5199
handy      | 5.2141   | 4.4456   | 0.7685
armor      | 5.2136   | 4.4561   | 0.7575
sauna      | 5.2134   | 4.4704   | 0.7430
speed      | 5.2134   | 4.3666   | 0.8468
savoy      | 5.2126   | 4.5231   | 0.6895
greed      | 5.2121   | 4.5011   | 0.7110
duvet      | 5.2111   | 4.5110   | 0.7001
trump      | 5.2108   | 4.4838   | 0.7270
stool      | 5.2092   | 4.4799   | 0.7293
badly      | 5.2085   | 4.4560   | 0.7525
pitch      | 5.2084   | 4.4319   | 0.7765
syrup      | 5.2083   | 4.4780   | 0.7303
woman      | 5.2069   | 4.3647   | 0.8422
elope      | 5.2068   | 4.6601   | 0.5467
spicy      | 5.2067   | 4.4755   | 0.7312
beady      | 5.2063   | 4.6510   | 0.5553
waver      | 5.2063   | 4.6032   | 0.6031
pence      | 5.2059   | 4.5263   | 0.6796
dress      | 5.2054   | 4.3926   | 0.8128
ingot      | 5.2053   | 4.5983   | 0.6070
betel      | 5.2047   | 4.6302   | 0.5745
lurch      | 5.2039   | 4.6038   | 0.6001
crowd      | 5.2032   | 4.4210   | 0.7822
belie      | 5.2025   | 4.6385   | 0.5640
rerun      | 5.2008   | 4.5345   | 0.6663
where      | 5.2004   | 4.3166   | 0.8838
impel      | 5.1998   | 4.6454   | 0.5544
tacit      | 5.1995   | 4.5454   | 0.6541
theme      | 5.1992   | 4.3764   | 0.8228
bravo      | 5.1989   | 4.4735   | 0.7254
cache      | 5.1980   | 4.4009   | 0.7971
awoke      | 5.1968   | 4.5355   | 0.6613
mauve      | 5.1966   | 4.5429   | 0.6537
spiny      | 5.1964   | 4.5665   | 0.6299
merge      | 5.1959   | 4.4386   | 0.7573
mango      | 5.1955   | 4.4808   | 0.7147
small      | 5.1950   | 4.3240   | 0.8710
canon      | 5.1942   | 4.3683   | 0.8259
cello      | 5.1942   | 4.4758   | 0.7184
gnash      | 5.1935   | 4.6585   | 0.5350
fetid      | 5.1926   | 4.6453   | 0.5473
wrong      | 5.1925   | 4.3611   | 0.8314
caulk      | 5.1920   | 4.5825   | 0.6095
optic      | 5.1919   | 4.4455   | 0.7464
newly      | 5.1912   | 4.3871   | 0.8041
black      | 5.1903   | 4.3155   | 0.8748
would      | 5.1903   | 4.2966   | 0.8937
renew      | 5.1902   | 4.4291   | 0.7611
chasm      | 5.1899   | 4.5427   | 0.6472
rally      | 5.1892   | 4.4152   | 0.7740
night      | 5.1882   | 4.3291   | 0.8591
abhor      | 5.1874   | 4.5974   | 0.5900
elide      | 5.1863   | 4.7017   | 0.4846
harpy      | 5.1825   | 4.6167   | 0.5658
birch      | 5.1821   | 4.4542   | 0.7279
chirp      | 5.1819   | 4.5735   | 0.6084
gamut      | 5.1818   | 4.5312   | 0.6506
cross      | 5.1807   | 4.3371   | 0.8436
sheep      | 5.1807   | 4.4075   | 0.7732
nudge      | 5.1801   | 4.5037   | 0.6764
retry      | 5.1799   | 4.5049   | 0.6750
knead      | 5.1779   | 4.5706   | 0.6073
briny      | 5.1769   | 4.6363   | 0.5406
crass      | 5.1759   | 4.5405   | 0.6354
chalk      | 5.1744   | 4.4535   | 0.7209
flout      | 5.1727   | 4.6279   | 0.5448
hound      | 5.1727   | 4.4568   | 0.7159
gusto      | 5.1724   | 4.5256   | 0.6468
drill      | 5.1723   | 4.4023   | 0.7700
sally      | 5.1716   | 4.4145   | 0.7571
shown      | 5.1708   | 4.3294   | 0.8414
clown      | 5.1705   | 4.4405   | 0.7300
music      | 5.1703   | 4.2835   | 0.8868
tweak      | 5.1681   | 4.4642   | 0.7039
crimp      | 5.1674   | 4.5096   | 0.6578
ovary      | 5.1669   | 4.4876   | 0.6793
sprig      | 5.1665   | 4.5850   | 0.5815
lucid      | 5.1658   | 4.4819   | 0.6839
taunt      | 5.1653   | 4.5464   | 0.6189
drown      | 5.1645   | 4.4785   | 0.6860
hovel      | 5.1644   | 4.6165   | 0.5479
octet      | 5.1641   | 4.4472   | 0.7169
minus      | 5.1637   | 4.4000   | 0.7637
magic      | 5.1629   | 4.3406   | 0.8223
fancy      | 5.1615   | 4.3891   | 0.7724
brown      | 5.1614   | 4.3220   | 0.8394
ensue      | 5.1613   | 4.5341   | 0.6272
evict      | 5.1609   | 4.5592   | 0.6017
virus      | 5.1607   | 4.3387   | 0.8220
whirl      | 5.1598   | 4.5034   | 0.6564
arbor      | 5.1597   | 4.4091   | 0.7506
apnea      | 5.1590   | 4.4822   | 0.6768
medic      | 5.1557   | 4.4711   | 0.6846
posse      | 5.1554   | 4.4744   | 0.6810
quest      | 5.1551   | 4.3647   | 0.7904
avoid      | 5.1550   | 4.3328   | 0.8222
major      | 5.1541   | 4.2967   | 0.8574
pixel      | 5.1523   | 4.3798   | 0.7725
prowl      | 5.1513   | 4.5246   | 0.6267
ditch      | 5.1505   | 4.4319   | 0.7186
gorge      | 5.1501   | 4.4402   | 0.7099
fetch      | 5.1496   | 4.4223   | 0.7273
seven      | 5.1495   | 4.3213   | 0.8282
slung      | 5.1491   | 4.5380   | 0.6111
briar      | 5.1488   | 4.4918   | 0.6570
spawn      | 5.1487   | 4.4397   | 0.7090
spell      | 5.1485   | 4.3773   | 0.7712
motor      | 5.1473   | 4.3218   | 0.8255
grown      | 5.1456   | 4.3561   | 0.7895
sumac      | 5.1456   | 4.5520   | 0.5936
hello      | 5.1444   | 4.3255   | 0.8189
deuce      | 5.1443   | 4.4665   | 0.6778
bound      | 5.1431   | 4.3371   | 0.8060
stilt      | 5.1415   | 4.5458   | 0.5957
forum      | 5.1414   | 4.2656   | 0.8758
shirk      | 5.1406   | 4.5433   | 0.5973
piper      | 5.1406   | 4.4071   | 0.7335
wagon      | 5.1400   | 4.3883   | 0.7517
knife      | 5.1372   | 4.3553   | 0.7819
ahead      | 5.1369   | 4.3229   | 0.8140
polka      | 5.1368   | 4.4474   | 0.6894
album      | 5.1341   | 4.2891   | 0.8450
frond      | 5.1334   | 4.5790   | 0.5544
welch      | 5.1322   | 4.4029   | 0.7293
sever      | 5.1321   | 4.4710   | 0.6611
cavil      | 5.1320   | 4.6386   | 0.4934
filth      | 5.1309   | 4.4181   | 0.7128
midge      | 5.1304   | 4.5092   | 0.6212
never      | 5.1302   | 4.2676   | 0.8626
madly      | 5.1298   | 4.4800   | 0.6498
shoot      | 5.1298   | 4.3437   | 0.7861
harsh      | 5.1289   | 4.3870   | 0.7419
gazer      | 5.1273   | 4.5513   | 0.5760
ardor      | 5.1272   | 4.5417   | 0.5855
bicep      | 5.1249   | 4.5369   | 0.5880
tithe      | 5.1236   | 4.4946   | 0.6290
brawn      | 5.1234   | 4.5270   | 0.5964
tenth      | 5.1233   | 4.3902   | 0.7331
troop      | 5.1223   | 4.3995   | 0.7228
femur      | 5.1221   | 4.4822   | 0.6399
lasso      | 5.1215   | 4.4692   | 0.6523
totem      | 5.1208   | 4.4438   | 0.6770
afoul      | 5.1202   | 4.5332   | 0.5870
diode      | 5.1197   | 4.4110   | 0.7087
stint      | 5.1192   | 4.4474   | 0.6718
cress      | 5.1186   | 4.5025   | 0.6161
tying      | 5.1179   | 4.4092   | 0.7087
tally      | 5.1169   | 4.4103   | 0.7066
lying      | 5.1165   | 4.3465   | 0.7700
slash      | 5.1156   | 4.3877   | 0.7279
juice      | 5.1149   | 4.3341   | 0.7808
crazy      | 5.1147   | 4.3076   | 0.8071
grass      | 5.1134   | 4.3268   | 0.7866
equal      | 5.1116   | 4.2909   | 0.8207
stomp      | 5.1107   | 4.4242   | 0.6865
found      | 5.1107   | 4.2371   | 0.8736
shack      | 5.1106   | 4.3857   | 0.7249
perky      | 5.1105   | 4.4169   | 0.6936
nerve      | 5.1103   | 4.3492   | 0.7611
newer      | 5.1100   | 4.3457   | 0.7643
shrug      | 5.1088   | 4.4453   | 0.6635
donor      | 5.1085   | 4.3444   | 0.7641
honor      | 5.1081   | 4.3119   | 0.7962
using      | 5.1063   | 4.2292   | 0.8771
silky      | 5.1058   | 4.4008   | 0.7050
circa      | 5.1051   | 4.3700   | 0.7351
lever      | 5.1040   | 4.3678   | 0.7362
elude      | 5.1024   | 4.4997   | 0.6027
begun      | 5.1008   | 4.3291   | 0.7717
dozen      | 5.1005   | 4.3241   | 0.7764
scamp      | 5.0997   | 4.4305   | 0.6692
mound      | 5.0974   | 4.3809   | 0.7165
vaunt      | 5.0964   | 4.6296   | 0.4668
brisk      | 5.0954   | 4.4285   | 0.6669
drunk      | 5.0952   | 4.3160   | 0.7792
obese      | 5.0940   | 4.3910   | 0.7030
belch      | 5.0938   | 4.5241   | 0.5697
bigot      | 5.0929   | 4.4808   | 0.6121
scrum      | 5.0903   | 4.4528   | 0.6375
bused      | 5.0902   | 4.5530   | 0.5372
feign      | 5.0892   | 4.5188   | 0.5704
strut      | 5.0874   | 4.3970   | 0.6904
zonal      | 5.0873   | 4.4382   | 0.6491
growl      | 5.0869   | 4.4453   | 0.6416
abase      | 5.0866   | 4.5906   | 0.4960
issue      | 5.0864   | 4.2277   | 0.8587
flask      | 5.0856   | 4.3998   | 0.6858
segue      | 5.0841   | 4.4771   | 0.6070
flume      | 5.0819   | 4.4904   | 0.5915
scuba      | 5.0819   | 4.3220   | 0.7599
bible      | 5.0812   | 4.2524   | 0.8288
aroma      | 5.0812   | 4.3697   | 0.7115
grill      | 5.0809   | 4.3027   | 0.7782
freed      | 5.0808   | 4.3568   | 0.7240
covey      | 5.0807   | 4.4172   | 0.6635
morph      | 5.0803   | 4.4143   | 0.6660
harry      | 5.0792   | 4.2594   | 0.8198
ratty      | 5.0773   | 4.4941   | 0.5832
gauge      | 5.0766   | 4.2995   | 0.7771
risky      | 5.0763   | 4.3570   | 0.7193
riper      | 5.0759   | 4.5298   | 0.5461
lofty      | 5.0759   | 4.3958   | 0.6801
pivot      | 5.0748   | 4.3701   | 0.7047
dusty      | 5.0747   | 4.3567   | 0.7180
fence      | 5.0746   | 4.3122   | 0.7624
joist      | 5.0732   | 4.4758   | 0.5974
smell      | 5.0725   | 4.3110   | 0.7615
minty      | 5.0725   | 4.4690   | 0.6035
brass      | 5.0722   | 4.2817   | 0.7905
motif      | 5.0707   | 4.3425   | 0.7282
leech      | 5.0707   | 4.4087   | 0.6620
befit      | 5.0706   | 4.5716   | 0.4990
pasta      | 5.0701   | 4.3136   | 0.7565
pouch      | 5.0698   | 4.3286   | 0.7412
sieve      | 5.0698   | 4.3983   | 0.6715
brink      | 5.0697   | 4.3721   | 0.6976
tasty      | 5.0696   | 4.3334   | 0.7362
blush      | 5.0675   | 4.3632   | 0.7043
drool      | 5.0669   | 4.4176   | 0.6493
scrub      | 5.0666   | 4.3482   | 0.7184
prick      | 5.0662   | 4.3925   | 0.6737
young      | 5.0651   | 4.2049   | 0.8602
pinch      | 5.0635   | 4.3506   | 0.7129
boxer      | 5.0633   | 4.3268   | 0.7365
pouty      | 5.0614   | 4.5185   | 0.5429
hydro      | 5.0601   | 4.3221   | 0.7380
ivory      | 5.0587   | 4.2943   | 0.7644
robot      | 5.0582   | 4.2722   | 0.7860
glass      | 5.0578   | 4.2187   | 0.8391
alloy      | 5.0576   | 4.3038   | 0.7538
truth      | 5.0563   | 4.2351   | 0.8212
bribe      | 5.0554   | 4.3972   | 0.6582
loyal      | 5.0532   | 4.3074   | 0.7458
smirk      | 5.0527   | 4.4179   | 0.6348
dryer      | 5.0522   | 4.2975   | 0.7547
stung      | 5.0516   | 4.4166   | 0.6350
again      | 5.0513   | 4.1884   | 0.8629
revel      | 5.0502   | 4.4003   | 0.6499
fluid      | 5.0497   | 4.2629   | 0.7868
bleed      | 5.0495   | 4.3387   | 0.7108
dutch      | 5.0489   | 4.2484   | 0.8005
clink      | 5.0484   | 4.4599   | 0.5885
shrub      | 5.0484   | 4.3516   | 0.6968
lanky      | 5.0482   | 4.4657   | 0.5825
river      | 5.0481   | 4.2028   | 0.8453
vogue      | 5.0471   | 4.3326   | 0.7145
phony      | 5.0430   | 4.3766   | 0.6664
etude      | 5.0426   | 4.4166   | 0.6260
zebra      | 5.0419   | 4.3145   | 0.7274
cumin      | 5.0418   | 4.3863   | 0.6555
sense      | 5.0381   | 4.2046   | 0.8335
gravy      | 5.0371   | 4.3409   | 0.6962
ghoul      | 5.0365   | 4.4267   | 0.6098
brick      | 5.0350   | 4.2657   | 0.7693
friar      | 5.0342   | 4.3971   | 0.6371
macho      | 5.0341   | 4.3657   | 0.6684
libel      | 5.0335   | 4.3611   | 0.6724
burly      | 5.0327   | 4.4222   | 0.6105
ledge      | 5.0320   | 4.3459   | 0.6861
fluke      | 5.0305   | 4.3440   | 0.6865
recur      | 5.0300   | 4.3985   | 0.6315
knave      | 5.0276   | 4.4440   | 0.5836
colon      | 5.0275   | 4.2735   | 0.7540
vowel      | 5.0273   | 4.3466   | 0.6807
weigh      | 5.0267   | 4.2903   | 0.7364
purer      | 5.0267   | 4.4446   | 0.5821
vigor      | 5.0265   | 4.3484   | 0.6781
stout      | 5.0242   | 4.3145   | 0.7097
squat      | 5.0232   | 4.3477   | 0.6755
rocky      | 5.0226   | 4.2438   | 0.7788
empty      | 5.0213   | 4.2099   | 0.8114
shaky      | 5.0205   | 4.3540   | 0.6665
slump      | 5.0187   | 4.3457   | 0.6730
droll      | 5.0183   | 4.4205   | 0.5978
truss      | 5.0180   | 4.3204   | 0.6976
snowy      | 5.0175   | 4.3156   | 0.7019
ought      | 5.0171   | 4.2507   | 0.7664
arrow      | 5.0159   | 4.2332   | 0.7827
might      | 5.0156   | 4.1580   | 0.8576
tacky      | 5.0145   | 4.3671   | 0.6474
flush      | 5.0144   | 4.2595   | 0.7549
toxin      | 5.0127   | 4.3148   | 0.6979
godly      | 5.0127   | 4.3489   | 0.6638
flank      | 5.0123   | 4.3376   | 0.6747
boost      | 5.0113   | 4.2225   | 0.7888
bayou      | 5.0113   | 4.3165   | 0.6948
elbow      | 5.0109   | 4.2757   | 0.7352
venom      | 5.0097   | 4.3013   | 0.7084
wreck      | 5.0090   | 4.2890   | 0.7200
fatal      | 5.0085   | 4.2462   | 0.7623
focus      | 5.0084   | 4.1684   | 0.8400
woven      | 5.0081   | 4.2646   | 0.7435
drama      | 5.0030   | 4.1992   | 0.8038
swift      | 5.0028   | 4.2463   | 0.7565
tenet      | 5.0025   | 4.3320   | 0.6705
stuck      | 5.0003   | 4.2265   | 0.7738
scowl      | 4.9993   | 4.4295   | 0.5698
lorry      | 4.9988   | 4.3486   | 0.6502
froze      | 4.9986   | 4.3445   | 0.6541
dingo      | 4.9979   | 4.3611   | 0.6368
smack      | 4.9979   | 4.3013   | 0.6966
twang      | 4.9974   | 4.3884   | 0.6090
wheel      | 4.9971   | 4.1868   | 0.8103
rover      | 4.9962   | 4.2249   | 0.7713
enema      | 4.9961   | 4.3036   | 0.6925
thick      | 4.9956   | 4.2058   | 0.7898
cough      | 4.9950   | 4.2602   | 0.7348
parry      | 4.9942   | 4.3003   | 0.6939
swami      | 4.9927   | 4.3185   | 0.6742
snaky      | 4.9920   | 4.5208   | 0.4712
mogul      | 4.9918   | 4.3262   | 0.6656
gauze      | 4.9918   | 4.3410   | 0.6508
quilt      | 4.9913   | 4.2396   | 0.7517
bingo      | 4.9910   | 4.2155   | 0.7755
floor      | 4.9906   | 4.1565   | 0.8341
aping      | 4.9896   | 4.4735   | 0.5161
adage      | 4.9895   | 4.3528   | 0.6367
unfit      | 4.9887   | 4.3193   | 0.6694
mocha      | 4.9883   | 4.3124   | 0.6759
climb      | 4.9876   | 4.2322   | 0.7554
shock      | 4.9873   | 4.1955   | 0.7918
lilac      | 4.9845   | 4.2797   | 0.7048
reedy      | 4.9809   | 4.3583   | 0.6226
speck      | 4.9796   | 4.3137   | 0.6659
clung      | 4.9790   | 4.3491   | 0.6299
blink      | 4.9778   | 4.2256   | 0.7522
silly      | 4.9774   | 4.2147   | 0.7627
basal      | 4.9764   | 4.2695   | 0.7069
oxide      | 4.9752   | 4.2225   | 0.7527
slunk      | 4.9752   | 4.4622   | 0.5130
detox      | 4.9750   | 4.2578   | 0.7172
vomit      | 4.9734   | 4.3069   | 0.6665
seize      | 4.9731   | 4.2641   | 0.7090
hymen      | 4.9724   | 4.3460   | 0.6264
defer      | 4.9721   | 4.2840   | 0.6881
coach      | 4.9710   | 4.1618   | 0.8092
await      | 4.9656   | 4.2607   | 0.7049
merry      | 4.9651   | 4.2052   | 0.7599
helix      | 4.9650   | 4.2373   | 0.7277
essay      | 4.9640   | 4.1807   | 0.7833
champ      | 4.9637   | 4.2368   | 0.7269
cycle      | 4.9632   | 4.1478   | 0.8154
kneel      | 4.9631   | 4.3266   | 0.6365
grimy      | 4.9617   | 4.3819   | 0.5798
event      | 4.9610   | 4.1029   | 0.8581
marry      | 4.9580   | 4.2132   | 0.7448
butte      | 4.9572   | 4.2362   | 0.7210
wound      | 4.9567   | 4.2004   | 0.7563
extol      | 4.9553   | 4.3717   | 0.5836
block      | 4.9553   | 4.1235   | 0.8318
taboo      | 4.9552   | 4.2253   | 0.7299
spill      | 4.9531   | 4.2133   | 0.7398
eerie      | 4.9521   | 4.2853   | 0.6668
nobly      | 4.9515   | 4.3802   | 0.5713
attic      | 4.9515   | 4.2180   | 0.7335
stood      | 4.9515   | 4.1702   | 0.7813
stash      | 4.9504   | 4.2507   | 0.6997
quail      | 4.9482   | 4.2575   | 0.6907
thrum      | 4.9477   | 4.4541   | 0.4936
valve      | 4.9464   | 4.1645   | 0.7819
woken      | 4.9458   | 4.3161   | 0.6297
revue      | 4.9423   | 4.2512   | 0.6911
hefty      | 4.9423   | 4.2678   | 0.6745
eying      | 4.9422   | 4.4432   | 0.4990
mania      | 4.9422   | 4.2046   | 0.7376
index      | 4.9407   | 4.0661   | 0.8746
punch      | 4.9407   | 4.1778   | 0.7629
stunt      | 4.9407   | 4.2355   | 0.7052
agape      | 4.9401   | 4.3039   | 0.6362
swing      | 4.9396   | 4.1533   | 0.7863
jaunt      | 4.9390   | 4.3456   | 0.5934
tryst      | 4.9388   | 4.3385   | 0.6003
heave      | 4.9351   | 4.3159   | 0.6192
ruder      | 4.9350   | 4.3787   | 0.5563
askew      | 4.9336   | 4.2908   | 0.6428
balmy      | 4.9287   | 4.3271   | 0.6016
wooer      | 4.9286   | 4.3534   | 0.5752
topaz      | 4.9267   | 4.2085   | 0.7182
seedy      | 4.9265   | 4.3094   | 0.6171
witch      | 4.9265   | 4.1648   | 0.7617
crump      | 4.9261   | 4.3017   | 0.6244
berry      | 4.9252   | 4.1586   | 0.7666
vinyl      | 4.9238   | 4.1272   | 0.7966
amply      | 4.9229   | 4.2996   | 0.6233
gross      | 4.9216   | 4.1262   | 0.7954
radii      | 4.9201   | 4.2676   | 0.6525
aphid      | 4.9170   | 4.2981   | 0.6189
fella      | 4.9167   | 4.2590   | 0.6577
dimly      | 4.9160   | 4.2894   | 0.6266
dogma      | 4.9156   | 4.2356   | 0.6800
wring      | 4.9153   | 4.3196   | 0.5957
axion      | 4.9151   | 4.2996   | 0.6155
sooth      | 4.9150   | 4.3345   | 0.5805
bleep      | 4.9141   | 4.2800   | 0.6341
frisk      | 4.9139   | 4.3293   | 0.5846
spool      | 4.9138   | 4.2158   | 0.6980
sooty      | 4.9125   | 4.3087   | 0.6038
testy      | 4.9123   | 4.3228   | 0.5895
venue      | 4.9122   | 4.1220   | 0.7902
budge      | 4.9118   | 4.2752   | 0.6366
width      | 4.9111   | 4.1010   | 0.8101
blown      | 4.9107   | 4.1674   | 0.7433
wharf      | 4.9087   | 4.1929   | 0.7158
catch      | 4.9086   | 4.1057   | 0.8029
gaudy      | 4.9078   | 4.2977   | 0.6101
dwarf      | 4.9068   | 4.1770   | 0.7298
rower      | 4.9058   | 4.2976   | 0.6082
exult      | 4.9053   | 4.3211   | 0.5842
stump      | 4.9052   | 4.2117   | 0.6935
rumba      | 4.9051   | 4.2701   | 0.6350
dough      | 4.9027   | 4.1734   | 0.7293
botch      | 4.9027   | 4.3447   | 0.5580
havoc      | 4.9017   | 4.1982   | 0.7035
stunk      | 4.9014   | 4.3536   | 0.5478
query      | 4.9003   | 4.0831   | 0.8172
foamy      | 4.9002   | 4.2949   | 0.6053
frown      | 4.8992   | 4.2343   | 0.6649
upper      | 4.8987   | 4.0750   | 0.8237
banal      | 4.8970   | 4.2846   | 0.6124
limit      | 4.8968   | 4.0731   | 0.8237
rigor      | 4.8957   | 4.2488   | 0.6469
musty      | 4.8954   | 4.2877   | 0.6077
award      | 4.8936   | 4.0564   | 0.8372
bless      | 4.8922   | 4.1383   | 0.7539
limbo      | 4.8921   | 4.2208   | 0.6713
imbue      | 4.8913   | 4.3265   | 0.5648
quota      | 4.8907   | 4.1585   | 0.7322
wrack      | 4.8887   | 4.3466   | 0.5421
beget      | 4.8886   | 4.3168   | 0.5718
fudge      | 4.8866   | 4.1762   | 0.7104
debug      | 4.8860   | 4.1103   | 0.7757
envoy      | 4.8858   | 4.1855   | 0.7003
cacti      | 4.8850   | 4.2416   | 0.6434
privy      | 4.8831   | 4.2182   | 0.6649
pithy      | 4.8824   | 4.2851   | 0.5973
gusty      | 4.8823   | 4.2828   | 0.5995
sixth      | 4.8821   | 4.1051   | 0.7770
basis      | 4.8819   | 4.0445   | 0.8374
dying      | 4.8816   | 4.1078   | 0.7738
swell      | 4.8809   | 4.1653   | 0.7156
moldy      | 4.8795   | 4.2785   | 0.6010
adapt      | 4.8784   | 4.1310   | 0.7474
tweed      | 4.8745   | 4.1726   | 0.7019
toxic      | 4.8699   | 4.0963   | 0.7736
dowry      | 4.8696   | 4.2543   | 0.6153
usual      | 4.8688   | 4.0721   | 0.7967
gecko      | 4.8655   | 4.1766   | 0.6889
moron      | 4.8623   | 4.1823   | 0.6800
swamp      | 4.8620   | 4.1398   | 0.7222
gipsy      | 4.8583   | 4.2255   | 0.6328
sloop      | 4.8563   | 4.2373   | 0.6190
fling      | 4.8547   | 4.1938   | 0.6609
endow      | 4.8523   | 4.2546   | 0.5977
union      | 4.8515   | 4.0085   | 0.8430
koala      | 4.8510   | 4.1757   | 0.6753
sweep      | 4.8501   | 4.1133   | 0.7368
mulch      | 4.8499   | 4.1794   | 0.6705
verge      | 4.8491   | 4.1535   | 0.6956
pesky      | 4.8485   | 4.1924   | 0.6561
wordy      | 4.8483   | 4.2547   | 0.5936
evade      | 4.8480   | 4.1930   | 0.6550
joust      | 4.8454   | 4.2582   | 0.5872
flack      | 4.8443   | 4.2088   | 0.6355
rarer      | 4.8430   | 4.2239   | 0.6191
opium      | 4.8426   | 4.1501   | 0.6925
dodge      | 4.8419   | 4.0503   | 0.7916
fixer      | 4.8416   | 4.1909   | 0.6507
spoon      | 4.8415   | 4.1005   | 0.7410
sixty      | 4.8412   | 4.0923   | 0.7489
allow      | 4.8409   | 4.0002   | 0.8407
cabal      | 4.8399   | 4.1913   | 0.6486
patty      | 4.8385   | 4.1205   | 0.7180
crack      | 4.8363   | 4.0405   | 0.7958
petty      | 4.8335   | 4.1020   | 0.7315
chill      | 4.8325   | 4.0867   | 0.7458
umbra      | 4.8319   | 4.2085   | 0.6234
ferry      | 4.8300   | 4.0558   | 0.7742
mangy      | 4.8292   | 4.2985   | 0.5307
finch      | 4.8284   | 4.1217   | 0.7067
borax      | 4.8284   | 4.2373   | 0.5911
bunch      | 4.8273   | 4.0487   | 0.7786
crumb      | 4.8266   | 4.1664   | 0.6602
gulch      | 4.8253   | 4.1670   | 0.6583
iliac      | 4.8247   | 4.2310   | 0.5937
exile      | 4.8229   | 4.0970   | 0.7259
fight      | 4.8224   | 4.0057   | 0.8167
avail      | 4.8219   | 4.0820   | 0.7399
ditto      | 4.8205   | 4.1261   | 0.6944
needy      | 4.8168   | 4.1148   | 0.7020
rowdy      | 4.8167   | 4.1701   | 0.6466
hedge      | 4.8158   | 4.0744   | 0.7414
catty      | 4.8146   | 4.2485   | 0.5661
snoop      | 4.8141   | 4.0885   | 0.7256
unwed      | 4.8141   | 4.2397   | 0.5744
idiot      | 4.8097   | 4.0626   | 0.7471
dross      | 4.8092   | 4.2240   | 0.5852
itchy      | 4.8083   | 4.1213   | 0.6870
joker      | 4.8069   | 4.1091   | 0.6978
quake      | 4.8065   | 4.0602   | 0.7463
annoy      | 4.8045   | 4.1065   | 0.6980
snuck      | 4.8030   | 4.1878   | 0.6152
quasi      | 4.8017   | 4.0758   | 0.7259
aglow      | 4.8008   | 4.2334   | 0.5674
fleck      | 4.8007   | 4.1600   | 0.6407
butch      | 4.8002   | 4.1119   | 0.6883
whelp      | 4.7997   | 4.2564   | 0.5433
offer      | 4.7977   | 3.9395   | 0.8582
rumor      | 4.7959   | 4.0758   | 0.7201
fewer      | 4.7955   | 4.0153   | 0.7802
weave      | 4.7947   | 4.0844   | 0.7103
gooey      | 4.7945   | 4.1690   | 0.6255
photo      | 4.7940   | 3.9210   | 0.8730
chess      | 4.7937   | 4.0235   | 0.7702
guess      | 4.7906   | 3.9761   | 0.8145
mecca      | 4.7891   | 4.0977   | 0.6914
imply      | 4.7886   | 4.0428   | 0.7458
sulky      | 4.7870   | 4.2011   | 0.5859
frock      | 4.7821   | 4.1873   | 0.5948
delve      | 4.7813   | 4.1235   | 0.6578
flail      | 4.7790   | 4.1934   | 0.5856
annul      | 4.7779   | 4.1954   | 0.5825
every      | 4.7771   | 3.9085   | 0.8686
flown      | 4.7751   | 4.0700   | 0.7051
clump      | 4.7746   | 4.1477   | 0.6269
winch      | 4.7700   | 4.0901   | 0.6799
modem      | 4.7696   | 3.9752   | 0.7944
dingy      | 4.7695   | 4.1580   | 0.6115
skill      | 4.7682   | 3.9741   | 0.7941
fritz      | 4.7674   | 4.0500   | 0.7174
pique      | 4.7661   | 4.1066   | 0.6595
afoot      | 4.7650   | 4.1353   | 0.6297
error      | 4.7649   | 3.9160   | 0.8489
hatch      | 4.7639   | 4.0240   | 0.7399
occur      | 4.7622   | 3.9528   | 0.8094
twist      | 4.7619   | 3.9970   | 0.7649
unfed      | 4.7619   | 4.2860   | 0.4759
showy      | 4.7616   | 4.1427   | 0.6189
proxy      | 4.7595   | 3.9794   | 0.7801
exert      | 4.7594   | 4.0753   | 0.6841
druid      | 4.7587   | 4.0725   | 0.6862
munch      | 4.7579   | 4.0959   | 0.6620
odder      | 4.7579   | 4.2224   | 0.5355
gloss      | 4.7571   | 4.0226   | 0.7345
elegy      | 4.7570   | 4.1380   | 0.6190
zesty      | 4.7565   | 4.1551   | 0.6014
curry      | 4.7559   | 4.0146   | 0.7413
rugby      | 4.7537   | 3.9667   | 0.7870
enemy      | 4.7535   | 3.9636   | 0.7899
flaky      | 4.7533   | 4.1138   | 0.6395
pagan      | 4.7506   | 4.0117   | 0.7389
going      | 4.7481   | 3.8845   | 0.8636
owing      | 4.7420   | 4.0229   | 0.7191
stoop      | 4.7411   | 4.1120   | 0.6291
beech      | 4.7403   | 4.0225   | 0.7178
humid      | 4.7394   | 4.0590   | 0.6804
awful      | 4.7393   | 3.9874   | 0.7519
ember      | 4.7382   | 4.0938   | 0.6444
flock      | 4.7370   | 4.0146   | 0.7224
enjoy      | 4.7356   | 3.9036   | 0.8320
squad      | 4.7352   | 3.9630   | 0.7722
larva      | 4.7347   | 4.0931   | 0.6416
staff      | 4.7337   | 3.8707   | 0.8630
alpha      | 4.7302   | 3.9168   | 0.8134
array      | 4.7273   | 3.9173   | 0.8100
flick      | 4.7272   | 4.0114   | 0.7158
penny      | 4.7269   | 3.9624   | 0.7645
junta      | 4.7266   | 4.0697   | 0.6569
spunk      | 4.7263   | 4.0913   | 0.6350
gouge      | 4.7261   | 4.1177   | 0.6084
condo      | 4.7257   | 3.9653   | 0.7604
canny      | 4.7249   | 4.1237   | 0.6012
slosh      | 4.7248   | 4.1982   | 0.5266
smoky      | 4.7248   | 4.0180   | 0.7068
belly      | 4.7243   | 3.9588   | 0.7655
vapid      | 4.7240   | 4.1565   | 0.5675
teeth      | 4.7238   | 3.9474   | 0.7764
naval      | 4.7228   | 3.9536   | 0.7692
frill      | 4.7196   | 4.1576   | 0.5620
blood      | 4.7187   | 3.8806   | 0.8381
ficus      | 4.7160   | 4.1000   | 0.6160
pluck      | 4.7155   | 4.0418   | 0.6737
bliss      | 4.7144   | 3.9766   | 0.7378
aloof      | 4.7138   | 4.0950   | 0.6188
teddy      | 4.7122   | 3.9574   | 0.7548
awake      | 4.7118   | 3.9798   | 0.7320
plunk      | 4.7116   | 4.1459   | 0.5657
ninth      | 4.7084   | 3.9636   | 0.7448
brood      | 4.7079   | 4.0268   | 0.6811
blitz      | 4.7069   | 3.9864   | 0.7205
fever      | 4.7065   | 3.9350   | 0.7715
tibia      | 4.7055   | 4.0493   | 0.6562
smock      | 4.7054   | 4.1015   | 0.6039
waxen      | 4.7041   | 4.2039   | 0.5002
blimp      | 4.7038   | 4.0907   | 0.6131
theft      | 4.7014   | 3.9151   | 0.7863
avian      | 4.7008   | 3.9738   | 0.7270
waltz      | 4.7005   | 3.9961   | 0.7044
downy      | 4.6983   | 4.0805   | 0.6178
radar      | 4.6966   | 3.9045   | 0.7921
razor      | 4.6966   | 3.9618   | 0.7348
conic      | 4.6965   | 4.0935   | 0.6030
curvy      | 4.6963   | 4.0672   | 0.6291
cheek      | 4.6962   | 3.9722   | 0.7240
krill      | 4.6944   | 4.0934   | 0.6010
milky      | 4.6924   | 3.9939   | 0.6985
windy      | 4.6904   | 3.9759   | 0.7145
ionic      | 4.6903   | 3.9838   | 0.7065
wrung      | 4.6866   | 4.1142   | 0.5724
wight      | 4.6866   | 3.9715   | 0.7151
dally      | 4.6866   | 4.1054   | 0.5812
lucky      | 4.6858   | 3.8960   | 0.7898
bylaw      | 4.6845   | 4.0021   | 0.6824
bough      | 4.6835   | 4.0360   | 0.6475
eking      | 4.6806   | 4.1898   | 0.4908
queer      | 4.6801   | 3.9556   | 0.7245
unify      | 4.6797   | 4.0227   | 0.6570
droop      | 4.6793   | 4.0935   | 0.5858
crook      | 4.6785   | 3.9962   | 0.6823
whiny      | 4.6766   | 4.0716   | 0.6050
filmy      | 4.6760   | 4.0170   | 0.6590
smash      | 4.6759   | 3.9444   | 0.7315
abbey      | 4.6743   | 3.9311   | 0.7432
sunny      | 4.6741   | 3.8987   | 0.7754
belle      | 4.6724   | 3.9161   | 0.7563
booth      | 4.6716   | 3.9042   | 0.7674
pubic      | 4.6714   | 3.9960   | 0.6754
spiky      | 4.6707   | 4.0771   | 0.5936
holly      | 4.6705   | 3.9078   | 0.7627
proof      | 4.6698   | 3.8583   | 0.8115
scoop      | 4.6688   | 3.9165   | 0.7523
axiom      | 4.6686   | 3.9707   | 0.6979
apply      | 4.6683   | 3.8239   | 0.8444
booty      | 4.6682   | 3.8780   | 0.7902
thump      | 4.6675   | 4.0265   | 0.6410
worry      | 4.6672   | 3.8795   | 0.7877
rabbi      | 4.6669   | 3.9317   | 0.7352
undue      | 4.6662   | 3.9721   | 0.6941
abbot      | 4.6662   | 3.9874   | 0.6788
folio      | 4.6658   | 3.9584   | 0.7074
udder      | 4.6653   | 4.0732   | 0.5921
dolly      | 4.6651   | 3.9485   | 0.7166
edify      | 4.6644   | 4.1219   | 0.5425
flung      | 4.6627   | 3.9919   | 0.6708
visit      | 4.6625   | 3.7942   | 0.8683
chunk      | 4.6623   | 3.9437   | 0.7186
amiss      | 4.6609   | 4.0463   | 0.6146
rotor      | 4.6597   | 3.9486   | 0.7111
sully      | 4.6574   | 4.0161   | 0.6413
parka      | 4.6524   | 3.9911   | 0.6613
fatty      | 4.6506   | 3.8976   | 0.7530
pinky      | 4.6499   | 3.9898   | 0.6601
thumb      | 4.6472   | 3.8820   | 0.7652
nylon      | 4.6453   | 3.8665   | 0.7788
groom      | 4.6435   | 3.9203   | 0.7232
villa      | 4.6415   | 3.8437   | 0.7978
quash      | 4.6381   | 4.0380   | 0.6001
fauna      | 4.6377   | 3.9205   | 0.7172
chili      | 4.6369   | 3.8906   | 0.7463
fishy      | 4.6365   | 3.9774   | 0.6591
batty      | 4.6346   | 3.9983   | 0.6363
alibi      | 4.6338   | 3.9937   | 0.6401
bevel      | 4.6325   | 3.9803   | 0.6522
aging      | 4.6280   | 3.8439   | 0.7841
queen      | 4.6244   | 3.8061   | 0.8183
banjo      | 4.6240   | 3.9143   | 0.7097
augur      | 4.6239   | 4.0517   | 0.5722
karma      | 4.6219   | 3.8591   | 0.7628
roomy      | 4.6211   | 3.9687   | 0.6524
slush      | 4.6201   | 3.9871   | 0.6330
pushy      | 4.6192   | 4.0076   | 0.6116
vouch      | 4.6176   | 3.9846   | 0.6330
refer      | 4.6131   | 3.8006   | 0.8125
quark      | 4.6125   | 3.8955   | 0.7170
salsa      | 4.6124   | 3.8691   | 0.7433
annex      | 4.6124   | 3.8414   | 0.7710
pupil      | 4.6111   | 3.8684   | 0.7427
swung      | 4.6083   | 3.9359   | 0.6724
manga      | 4.6070   | 3.8206   | 0.7864
furor      | 4.5975   | 4.0049   | 0.5926
hurry      | 4.5903   | 3.8545   | 0.7358
judge      | 4.5869   | 3.7701   | 0.8168
comfy      | 4.5850   | 3.8955   | 0.6895
dandy      | 4.5846   | 3.9010   | 0.6836
tight      | 4.5842   | 3.7856   | 0.7986
digit      | 4.5832   | 3.8196   | 0.7636
click      | 4.5827   | 3.6904   | 0.8923
murky      | 4.5816   | 3.9330   | 0.6486
vixen      | 4.5813   | 3.9079   | 0.6734
glyph      | 4.5809   | 3.9238   | 0.6571
rigid      | 4.5796   | 3.8362   | 0.7434
lumpy      | 4.5743   | 3.9551   | 0.6192
shuck      | 4.5681   | 3.9979   | 0.5702
dwell      | 4.5680   | 3.8566   | 0.7114
wedge      | 4.5678   | 3.8367   | 0.7311
melee      | 4.5675   | 3.8867   | 0.6808
ozone      | 4.5652   | 3.8086   | 0.7566
kneed      | 4.5628   | 4.0189   | 0.5439
comic      | 4.5618   | 3.7658   | 0.7960
broom      | 4.5608   | 3.8689   | 0.6919
fungi      | 4.5599   | 3.8488   | 0.7111
freer      | 4.5578   | 3.9089   | 0.6489
flood      | 4.5562   | 3.7666   | 0.7896
swill      | 4.5560   | 3.9983   | 0.5577
excel      | 4.5552   | 3.7652   | 0.7900
billy      | 4.5547   | 3.7663   | 0.7884
mushy      | 4.5546   | 3.9392   | 0.6154
geese      | 4.5525   | 3.8611   | 0.6914
comma      | 4.5508   | 3.8264   | 0.7244
junto      | 4.5439   | 3.9684   | 0.5755
equip      | 4.5437   | 3.8023   | 0.7414
floss      | 4.5436   | 3.8638   | 0.6798
sappy      | 4.5400   | 3.9371   | 0.6029
penne      | 4.5381   | 3.9037   | 0.6344
ennui      | 4.5377   | 3.9556   | 0.5821
vodka      | 4.5362   | 3.8218   | 0.7144
gaffe      | 4.5342   | 3.9569   | 0.5773
wispy      | 4.5341   | 3.9624   | 0.5717
ditty      | 4.5316   | 3.9150   | 0.6166
awash      | 4.5299   | 3.9147   | 0.6152
hitch      | 4.5281   | 3.8034   | 0.7247
knoll      | 4.5271   | 3.8496   | 0.6775
bushy      | 4.5253   | 3.8855   | 0.6398
couch      | 4.5229   | 3.7763   | 0.7466
quoth      | 4.5199   | 3.9032   | 0.6167
crock      | 4.5188   | 3.8437   | 0.6751
axial      | 4.5172   | 3.8138   | 0.7034
hilly      | 4.5136   | 3.8670   | 0.6466
brook      | 4.5134   | 3.7556   | 0.7578
plumb      | 4.5125   | 3.8554   | 0.6571
whisk      | 4.5111   | 3.8573   | 0.6538
loopy      | 4.5099   | 3.8968   | 0.6131
skull      | 4.5096   | 3.7641   | 0.7455
conch      | 4.5084   | 3.8767   | 0.6317
clock      | 4.5080   | 3.6961   | 0.8119
clack      | 4.5054   | 3.8957   | 0.6097
swoon      | 4.5026   | 3.8925   | 0.6101
level      | 4.4995   | 3.6292   | 0.8703
epoxy      | 4.4985   | 3.7895   | 0.7090
lymph      | 4.4982   | 3.7923   | 0.7059
spasm      | 4.4976   | 3.8643   | 0.6333
picky      | 4.4961   | 3.8333   | 0.6628
uncut      | 4.4961   | 3.7559   | 0.7402
husky      | 4.4957   | 3.7945   | 0.7012
lipid      | 4.4950   | 3.7714   | 0.7236
wacky      | 4.4929   | 3.7850   | 0.7079
golly      | 4.4921   | 3.8675   | 0.6246
dilly      | 4.4917   | 3.9042   | 0.5875
whack      | 4.4909   | 3.8271   | 0.6638
gassy      | 4.4892   | 3.9516   | 0.5376
civil      | 4.4871   | 3.6555   | 0.8316
skimp      | 4.4867   | 3.9207   | 0.5660
caddy      | 4.4824   | 3.7990   | 0.6834
nutty      | 4.4788   | 3.8177   | 0.6611
tepee      | 4.4754   | 3.9484   | 0.5270
bloom      | 4.4752   | 3.7215   | 0.7537
duchy      | 4.4723   | 3.8463   | 0.6260
fanny      | 4.4673   | 3.7688   | 0.6985
kiosk      | 4.4668   | 3.7603   | 0.7065
shook      | 4.4657   | 3.7381   | 0.7276
amaze      | 4.4634   | 3.7954   | 0.6680
crick      | 4.4608   | 3.8314   | 0.6294
gloom      | 4.4577   | 3.7847   | 0.6730
bezel      | 4.4569   | 3.7533   | 0.7036
flunk      | 4.4564   | 3.9063   | 0.5501
missy      | 4.4549   | 3.7455   | 0.7094
mafia      | 4.4539   | 3.7302   | 0.7237
outdo      | 4.4521   | 3.8697   | 0.5824
sushi      | 4.4454   | 3.7102   | 0.7352
tabby      | 4.4447   | 3.7987   | 0.6460
dusky      | 4.4415   | 3.8083   | 0.6332
chump      | 4.4380   | 3.8236   | 0.6144
jerky      | 4.4378   | 3.7715   | 0.6663
timid      | 4.4372   | 3.7782   | 0.6590
bulky      | 4.4369   | 3.7499   | 0.6870
embed      | 4.4363   | 3.7479   | 0.6884
cinch      | 4.4363   | 3.7986   | 0.6377
igloo      | 4.4351   | 3.8010   | 0.6341
blurb      | 4.4339   | 3.7668   | 0.6671
howdy      | 4.4311   | 3.7672   | 0.6639
bawdy      | 4.4297   | 3.8424   | 0.5873
qualm      | 4.4278   | 3.9227   | 0.5051
bitty      | 4.4259   | 3.7904   | 0.6355
juicy      | 4.4247   | 3.6861   | 0.7386
mossy      | 4.4245   | 3.7820   | 0.6425
happy      | 4.4227   | 3.5836   | 0.8391
pooch      | 4.4213   | 3.7939   | 0.6274
eject      | 4.4204   | 3.7444   | 0.6760
thigh      | 4.4153   | 3.7006   | 0.7147
stiff      | 4.4130   | 3.6777   | 0.7353
swash      | 4.4095   | 3.7959   | 0.6136
hunky      | 4.4067   | 3.7905   | 0.6162
coyly      | 4.4065   | 3.8793   | 0.5272
folly      | 4.3976   | 3.7038   | 0.6938
toddy      | 4.3960   | 3.8191   | 0.5769
leggy      | 4.3930   | 3.7989   | 0.5941
kitty      | 4.3893   | 3.6291   | 0.7602
evoke      | 4.3880   | 3.7192   | 0.6688
putty      | 4.3864   | 3.7042   | 0.6822
vying      | 4.3745   | 3.7471   | 0.6274
dryly      | 4.3696   | 3.8092   | 0.5604
furry      | 4.3693   | 3.6608   | 0.7085
cliff      | 4.3680   | 3.6112   | 0.7568
tweet      | 4.3674   | 3.7775   | 0.5899
paddy      | 4.3650   | 3.6621   | 0.7029
wooly      | 4.3629   | 3.7512   | 0.6117
quirk      | 4.3618   | 3.7222   | 0.6396
tooth      | 4.3600   | 3.6056   | 0.7544
witty      | 4.3585   | 3.6533   | 0.7052
gumbo      | 4.3518   | 3.7096   | 0.6422
forgo      | 4.3506   | 3.7244   | 0.6262
willy      | 4.3475   | 3.6308   | 0.7167
inbox      | 4.3450   | 3.5885   | 0.7565
geeky      | 4.3420   | 3.6634   | 0.6786
soggy      | 4.3412   | 3.7163   | 0.6249
check      | 4.3386   | 3.4638   | 0.8748
weedy      | 4.3361   | 3.7489   | 0.5872
funky      | 4.3358   | 3.5811   | 0.7547
moody      | 4.3333   | 3.5947   | 0.7386
gayly      | 4.3308   | 3.8350   | 0.4958
plaza      | 4.3305   | 3.5401   | 0.7904
taffy      | 4.3287   | 3.6930   | 0.6357
sniff      | 4.3284   | 3.6473   | 0.6811
cynic      | 4.3283   | 3.6803   | 0.6480
lupus      | 4.3270   | 3.6278   | 0.6992
musky      | 4.3248   | 3.7322   | 0.5926
hutch      | 4.3192   | 3.6252   | 0.6940
pudgy      | 4.3181   | 3.7619   | 0.5562
savvy      | 4.3171   | 3.5863   | 0.7308
lobby      | 4.3157   | 3.5527   | 0.7630
abyss      | 4.3156   | 3.6297   | 0.6859
mambo      | 4.3149   | 3.5634   | 0.7515
bossy      | 4.3138   | 3.7255   | 0.5883
nymph      | 4.3136   | 3.6517   | 0.6619
jewel      | 4.3107   | 3.5559   | 0.7548
fjord      | 4.3101   | 3.6773   | 0.6328
stuff      | 4.3087   | 3.4625   | 0.8462
icily      | 4.3044   | 3.8263   | 0.4781
offal      | 4.3037   | 3.7064   | 0.5973
expel      | 4.3018   | 3.6596   | 0.6422
usurp      | 4.2995   | 3.7087   | 0.5908
filly      | 4.2979   | 3.6524   | 0.6455
gully      | 4.2935   | 3.6249   | 0.6686
fully      | 4.2925   | 3.4614   | 0.8311
shyly      | 4.2894   | 3.6873   | 0.6021
spoof      | 4.2882   | 3.6136   | 0.6746
beefy      | 4.2865   | 3.6565   | 0.6300
oddly      | 4.2832   | 3.5888   | 0.6944
polyp      | 4.2832   | 3.6849   | 0.5983
fifth      | 4.2812   | 3.4862   | 0.7950
outgo      | 4.2803   | 3.7764   | 0.5039
pixie      | 4.2794   | 3.5985   | 0.6809
swish      | 4.2777   | 3.6010   | 0.6767
bosom      | 4.2775   | 3.6145   | 0.6630
swoop      | 4.2772   | 3.6350   | 0.6422
spook      | 4.2758   | 3.6530   | 0.6228
allay      | 4.2746   | 3.6749   | 0.5997
dumpy      | 4.2733   | 3.7179   | 0.5554
cacao      | 4.2720   | 3.6471   | 0.6249
goody      | 4.2712   | 3.6069   | 0.6643
hippo      | 4.2711   | 3.5855   | 0.6856
rajah      | 4.2687   | 3.6825   | 0.5862
lowly      | 4.2674   | 3.6177   | 0.6497
bongo      | 4.2668   | 3.6003   | 0.6665
kebab      | 4.2651   | 3.6551   | 0.6100
juror      | 4.2651   | 3.5943   | 0.6708
onion      | 4.2647   | 3.5047   | 0.7600
booze      | 4.2619   | 3.5750   | 0.6869
myrrh      | 4.2619   | 3.6430   | 0.6189
bully      | 4.2611   | 3.5621   | 0.6990
wimpy      | 4.2605   | 3.6483   | 0.6122
knack      | 4.2589   | 3.6030   | 0.6559
ruddy      | 4.2546   | 3.6218   | 0.6328
verve      | 4.2534   | 3.5650   | 0.6884
dully      | 4.2522   | 3.7120   | 0.5402
cubic      | 4.2502   | 3.4942   | 0.7560
cocoa      | 4.2489   | 3.5128   | 0.7361
unzip      | 4.2360   | 3.5562   | 0.6798
quick      | 4.2359   | 3.3883   | 0.8476
fifty      | 4.2358   | 3.4664   | 0.7694
idyll      | 4.2355   | 3.6633   | 0.5722
papal      | 4.2353   | 3.5696   | 0.6657
llama      | 4.2314   | 3.5506   | 0.6808
icing      | 4.2251   | 3.5344   | 0.6907
fugue      | 4.2165   | 3.5820   | 0.6345
idiom      | 4.2132   | 3.5625   | 0.6507
quack      | 4.2071   | 3.5631   | 0.6440
quell      | 4.2053   | 3.5868   | 0.6185
undid      | 4.2001   | 3.6255   | 0.5746
bunny      | 4.1994   | 3.4437   | 0.7557
which      | 4.1983   | 3.2977   | 0.9006
jelly      | 4.1873   | 3.4496   | 0.7377
hunch      | 4.1822   | 3.5580   | 0.6242
macaw      | 4.1817   | 3.5689   | 0.6128
plump      | 4.1797   | 3.4457   | 0.7340
assay      | 4.1773   | 3.4379   | 0.7394
knock      | 4.1725   | 3.4208   | 0.7517
woody      | 4.1659   | 3.4214   | 0.7445
khaki      | 4.1613   | 3.4638   | 0.6975
squib      | 4.1607   | 3.5920   | 0.5687
funny      | 4.1604   | 3.3402   | 0.8202
hussy      | 4.1572   | 3.6032   | 0.5540
gawky      | 4.1472   | 3.6480   | 0.4992
emcee      | 4.1433   | 3.5245   | 0.6188
cabby      | 4.1398   | 3.6037   | 0.5361
skunk      | 4.1378   | 3.4617   | 0.6761
aback      | 4.1334   | 3.5185   | 0.6149
jetty      | 4.1334   | 3.4670   | 0.6664
tatty      | 4.1315   | 3.5553   | 0.5762
mucky      | 4.1254   | 3.5575   | 0.5679
widow      | 4.1112   | 3.3723   | 0.7389
chaff      | 4.1102   | 3.4913   | 0.6189
motto      | 4.1088   | 3.4002   | 0.7086
guava      | 4.1085   | 3.4962   | 0.6123
wryly      | 4.1051   | 3.5463   | 0.5588
snuff      | 4.1002   | 3.4281   | 0.6721
vigil      | 4.0992   | 3.4121   | 0.6871
quill      | 4.0914   | 3.4235   | 0.6679
chick      | 4.0903   | 3.3226   | 0.7677
sassy      | 4.0858   | 3.3832   | 0.7026
dodgy      | 4.0849   | 3.4327   | 0.6522
livid      | 4.0832   | 3.4687   | 0.6145
scoff      | 4.0771   | 3.4845   | 0.5926
baggy      | 4.0749   | 3.4381   | 0.6368
ovoid      | 4.0683   | 3.5035   | 0.5648
ninja      | 4.0661   | 3.3208   | 0.7453
goofy      | 4.0649   | 3.3777   | 0.6872
cluck      | 4.0568   | 3.4790   | 0.5778
skulk      | 4.0529   | 3.5678   | 0.4851
nanny      | 4.0525   | 3.3233   | 0.7292
hobby      | 4.0489   | 3.2790   | 0.7699
mucus      | 4.0416   | 3.3870   | 0.6546
kinky      | 4.0384   | 3.3061   | 0.7323
amass      | 4.0367   | 3.4429   | 0.5938
fussy      | 4.0305   | 3.3918   | 0.6387
hippy      | 4.0304   | 3.3752   | 0.6552
pulpy      | 4.0292   | 3.5150   | 0.5142
jolly      | 4.0185   | 3.2972   | 0.7213
piggy      | 4.0132   | 3.3315   | 0.6817
known      | 4.0051   | 3.1572   | 0.8479
giddy      | 4.0044   | 3.3605   | 0.6439
chock      | 3.9923   | 3.3459   | 0.6464
whoop      | 3.9818   | 3.3569   | 0.6249
femme      | 3.9662   | 3.2449   | 0.7213
maxim      | 3.9581   | 3.2190   | 0.7391
gruff      | 3.9512   | 3.3435   | 0.6077
buddy      | 3.9345   | 3.1266   | 0.8079
gypsy      | 3.9205   | 3.2052   | 0.7153
buxom      | 3.9124   | 3.3047   | 0.6077
biddy      | 3.9043   | 3.3250   | 0.5793
chuck      | 3.9010   | 3.1253   | 0.7757
humus      | 3.9006   | 3.3054   | 0.5952
dummy      | 3.8935   | 3.1615   | 0.7320
madam      | 3.8825   | 3.1709   | 0.7116
jumbo      | 3.8792   | 3.1471   | 0.7321
muddy      | 3.8751   | 3.1673   | 0.7078
bluff      | 3.8742   | 3.1342   | 0.7400
sissy      | 3.8670   | 3.1718   | 0.6952
pizza      | 3.8372   | 3.0456   | 0.7916
foggy      | 3.8302   | 3.1678   | 0.6624
gamma      | 3.8224   | 3.0012   | 0.8212
slyly      | 3.8099   | 3.2459   | 0.5640
dowdy      | 3.8002   | 3.2125   | 0.5877
daddy      | 3.7983   | 3.0241   | 0.7742
skiff      | 3.7804   | 3.1638   | 0.6166
queue      | 3.7776   | 3.0118   | 0.7658
buggy      | 3.7253   | 3.0153   | 0.7100
guppy      | 3.7235   | 3.1166   | 0.6069
gummy      | 3.6890   | 3.0725   | 0.6165
puffy      | 3.6839   | 2.9487   | 0.7352
twixt      | 3.6731   | 3.1274   | 0.5457
magma      | 3.6679   | 2.9891   | 0.6788
kayak      | 3.6616   | 2.9385   | 0.7231
jumpy      | 3.6506   | 3.0609   | 0.5897
humph      | 3.6369   | 3.1015   | 0.5354
minim      | 3.6125   | 3.0236   | 0.5889
ninny      | 3.5959   | 3.0849   | 0.5110
kappa      | 3.5821   | 2.8564   | 0.7257
shush      | 3.5766   | 3.0419   | 0.5347
booby      | 3.5268   | 2.8951   | 0.6317
whiff      | 3.5188   | 2.9091   | 0.6097
poppy      | 3.5167   | 2.8102   | 0.7065
boozy      | 3.5131   | 2.9687   | 0.5444
affix      | 3.5123   | 2.8727   | 0.6396
mimic      | 3.5069   | 2.8197   | 0.6872
mammy      | 3.4805   | 2.8983   | 0.5822
pygmy      | 3.4703   | 2.8332   | 0.6371
dizzy      | 3.4558   | 2.7601   | 0.6957
civic      | 3.4543   | 2.6760   | 0.7783
woozy      | 3.3826   | 2.8377   | 0.5449
bobby      | 3.3792   | 2.6060   | 0.7732
puppy      | 3.3260   | 2.5643   | 0.7617
vivid      | 3.2717   | 2.5260   | 0.7457
fluff      | 3.2433   | 2.5739   | 0.6694
mummy      | 3.1906   | 2.4823   | 0.7083
jiffy      | 3.1551   | 2.5120   | 0.6431
fizzy      | 3.1108   | 2.5134   | 0.5974
mamma      | 3.0992   | 2.4054   | 0.6938
fuzzy      | 3.0687   | 2.3166   | 0.7521
jazzy      | 2.9860   | 2.3146   | 0.6714
